t    error
0    0
0.015625    18.2689472335273
0.03125    9.27006897475899
0.046875    6.12972167897806
0.0625    5.76894723352726
0.078125    3.90373769649892
0.09375    3.89089339380763
0.109375    3.22231358881946
0.125    2.83125163047471
0.140625    2.64394723352727
0.15625    2.17389843911854
0.171875    2.19830712510782
0.1875    1.86325089746032
0.203125    1.85697426680922
0.21875    1.67083355282077
0.234375    1.59203945343046
0.25    1.49953805383976
0.265625    1.38282407834062
0.28125    1.35048864503551
0.296875    1.21476835750738
0.3125    1.22170110376463
0.328125    1.10451172588089
0.34375    1.11043509552196
0.359375    1.030967309925
0.375    1.01401560907862
0.390625    0.962905515997958
0.40625    0.930088395854389
0.421875    0.900464763565556
0.4375    0.856665628601805
0.453125    0.843429135350726
0.46875    0.792097982093287
0.484375    0.791423104640576
0.5    0.736193823574349
0.515625    0.744013534439891
0.53125    0.702095335303921
0.546875    0.700762271827915
0.5625    0.669807242310905
0.578125    0.661252144255675
0.59375    0.639358745453489
0.609375    0.625098596633444
0.625    0.610718898300155
0.640625    0.591953636166109
0.65625    0.583821185252131
0.671875    0.561505753795744
0.6875    0.558579322208863
0.703125    0.533477850110797
0.71875    0.534897384289246
0.734375    0.509836191967095
0.75    0.512676242537324
0.765625    0.492579269281956
0.78125    0.491817587737464
0.796875    0.476040945534661
0.8125    0.47222637302835
0.828125    0.460216129947622
0.84375    0.453812220709171
0.859375    0.445090570036
0.875    0.43649015317021
0.890625    0.430643875633707
0.90625    0.4201808866381
0.921875    0.41685170942638
0.9375    0.404810846515114
0.953125    0.403687370265216
0.96875    0.390312010050686
0.984375    0.39112293261181
1    0.377360802026816
1.015625    0.379130060667633
1.03125    0.367628940589283
1.046875    0.367680583645693
1.0625    0.358215478999583
1.078125    0.356746895515286
1.09375    0.349116916746646
1.109375    0.346302225791983
1.125    0.340327735531858
1.140625    0.336320815738446
1.15625    0.331840941098727
1.171875    0.326778025405831
1.1875    0.32364848696085
1.203125    0.317650390374144
1.21875    0.315741605321554
1.234375    0.308915642200178
1.25    0.308111064919273
1.265625    0.300552702985062
1.28125    0.30074737124347
1.296875    0.292541661799803
1.3125    0.293640921242921
1.328125    0.286257904012971
1.34375    0.286782122066986
1.359375    0.280478506665284
1.375    0.280161481365162
1.390625    0.274852770029145
1.40625    0.273769675098216
1.421875    0.269378467371784
1.4375    0.267597597575238
1.453125    0.26405292928341
1.46875    0.261636397461782
1.484375    0.258873146724139
1.5    0.255877502734253
1.515625    0.25383585585868
1.53125    0.250312636951225
1.546875    0.248937607808892
1.5625    0.244933828729019
1.578125    0.244174825903304
1.59375    0.239733415927993
1.609375    0.239543852552336
1.625    0.23470404574999
1.640625    0.235040987508919
1.65625    0.229917198578207
1.671875    0.230662518972063
1.6875    0.226160895155031
1.703125    0.226404748742016
1.71875    0.222485707693508
1.734375    0.22226401243124
1.75    0.21889067634766
1.765625    0.218236695566149
1.78125    0.215374685981089
1.796875    0.214319246275178
1.8125    0.211936495816845
1.828125    0.210508185142551
1.84375    0.208574764780381
1.859375    0.20680011271233
1.875    0.20528807314434
1.890625    0.203191715045536
1.90625    0.20207494099784
1.921875    0.199679767669794
1.9375    0.198933843985216
1.953125    0.196261138202218
1.96875    0.195863226696889
1.984375    0.192932787883056
2    0.192861514039736
2.015625    0.189691772217292
2.03125    0.189927120868127
2.046875    0.186552071319742
2.0625    0.187058460117787
2.078125    0.184045098229315
2.09375    0.184253949649715
2.109375    0.181583285982762
2.125    0.181512017983525
2.140625    0.179166132237485
2.15625    0.178831109074661
2.171875    0.176793083131551
2.1875    0.176209686267919
2.203125    0.174463541816668
2.21875    0.173646235542596
2.234375    0.172176875952765
2.25    0.171139268147977
2.265625    0.169932424286233
2.28125    0.16868732271525
2.296875    0.167729502420035
2.3125    0.166288966919598
2.328125    0.165567407870483
2.34375    0.163942798756525
2.359375    0.163445424494097
2.375    0.161647447488294
2.390625    0.161362826357834
2.40625    0.159401574307816
2.421875    0.159318881118011
2.4375    0.157203872761823
2.453125    0.157312852964308
2.46875    0.155053068969935
2.484375    0.155344005180175
2.5    0.153182477501741
2.515625    0.153411602363245
2.53125    0.1514649032169
2.546875    0.151514912346248
2.5625    0.149773600500108
2.578125    0.149653207851885
2.59375    0.148108285659021
2.609375    0.147825767913775
2.625    0.146468658094289
2.640625    0.146031879090087
2.65625    0.144854402844537
2.671875    0.144270836493689
2.6875    0.143265192867726
2.703125    0.142541944661232
2.71875    0.141700691084569
2.734375    0.140844518279081
2.75    0.140160552208188
2.765625    0.139177882783765
2.78125    0.138644424380574
2.796875    0.13754137485092
2.8125    0.137151950635745
2.828125    0.135934342787285
2.84375    0.135682770205923
2.859375    0.13435614683608
2.875    0.134236519686895
2.890625    0.132806159407336
2.90625    0.132812834075993
2.921875    0.131283765241743
2.9375    0.131411347695476
2.953125    0.129788361516679
2.96875    0.130031695012289
2.984375    0.1285404392445
3    0.128673511364725
3.015625    0.127318382900868
3.03125    0.127336433604996
3.046875    0.126112346274348
3.0625    0.126020100665832
3.078125    0.124922171076063
3.09375    0.12472415405886
3.109375    0.123747692581108
3.125    0.123448238311346
3.140625    0.122588740505442
3.15625    0.122192001347242
3.171875    0.121445139804193
3.1875    0.120955094818423
3.203125    0.120316711398489
3.21875    0.11973717439074
3.234375    0.119203272836538
3.25    0.11853789998944
3.265625    0.118104638894862
3.28125    0.117356936008123
3.296875    0.117020622124416
3.3125    0.116193951485003
3.328125    0.11595103334683
3.34375    0.115048620249259
3.359375    0.11489568210401
3.375    0.113920621041421
3.390625    0.113854377066326
3.40625    0.112809637609381
3.421875    0.112826926401862
3.4375    0.111715358783495
3.453125    0.11181313811018
3.46875    0.110637478532479
3.484375    0.11081282032433
3.5    0.109721099439137
3.515625    0.109825781582664
3.53125    0.108824706334374
3.546875    0.108851831073951
3.5625    0.107938485095561
3.578125    0.107890778857449
3.59375    0.107062345812038
3.609375    0.106942436060468
3.625    0.10619619581339
3.640625    0.10600661505477
3.65625    0.105339940006946
3.671875    0.10508312961439
3.6875    0.104493481189244
3.703125    0.104171795055802
3.71875    0.103656720333283
3.734375    0.103272428362068
3.75    0.102829556853109
3.765625    0.102384848292559
3.78125    0.102011888847526
3.796875    0.101508875479314
3.8125    0.101203613324614
3.828125    0.100644332511183
3.84375    0.100404626408266
3.859375    0.099791044006798
3.875    0.0996148235281003
3.890625    0.0989488366775336
3.90625    0.0988340995942175
3.921875    0.0981175393809794
3.9375    0.0980623491572651
3.953125    0.0972969831660304
3.96875    0.0972994665559625
3.984375    0.0964870013103412
4    0.096545346051674
4.015625    0.0956874293505753
4.03125    0.0957998819522697
4.046875    0.094962044048182
4.0625    0.0950629687249742
4.078125    0.0942879057314718
4.09375    0.0943345010998373
4.109375    0.0936204552051765
4.125    0.0936143741641353
4.140625    0.0929596400302488
4.15625    0.0929024834480494
4.171875    0.0923054064627966
4.1875    0.0921987250030408
4.203125    0.0916576995961605
4.21875    0.0915029954729564
4.234375    0.0910164634936463
4.25    0.0908151921581761
4.265625    0.0903816413120455
4.28125    0.0901352130739562
4.296875    0.0897531754165871
4.3125    0.089462957002924
4.328125    0.0891310074881206
4.34375    0.0887983235421564
4.359375    0.0885150786229405
4.375    0.0881412131456767
4.390625    0.0879053294254078
4.40625    0.0874915271620556
4.421875    0.0873017000943125
4.4375    0.0868491678681955
4.453125    0.0867041305030752
4.46875    0.0862140384988204
4.484375    0.0861125602743119
4.5    0.0855860432728122
4.515625    0.0855269288489701
4.53125    0.0849650874158973
4.546875    0.0849471755506262
4.5625    0.0843510771804015
4.578125    0.084373239644999
4.59375    0.083743919862264
4.609375    0.0838050603952336
4.625    0.083143523815164
4.640625    0.083242577112856
4.65625    0.0826200028055209
4.671875    0.0826857292053748
4.6875    0.0821069297277981
4.703125    0.0821344562195977
4.71875    0.0815983568117966
4.734375    0.0815886978824265
4.75    0.0810942518973385
4.765625    0.0810483941378773
4.78125    0.0805945822207227
4.796875    0.0805134851813901
4.8125    0.0800993144755045
4.828125    0.0799839114915278
4.84375    0.0796084148695657
4.859375    0.0794596138588757
4.875    0.0791218491787082
4.890625    0.0789405334126632
4.90625    0.0786395827969481
4.921875    0.0784266116451392
4.9375    0.0781615807839546
4.953125    0.0779177904339804
4.96875    0.0776878079094773
4.984375    0.0774140120621873
5    0.0772182286948732
5.015625    0.076915219237032
5.03125    0.0767528074523984
5.046875    0.0764213551063939
5.0625    0.0762915083218654
5.078125    0.0759323632741916
5.09375    0.0758342953050313
5.109375    0.0754481878137444
5.125    0.0753811322979612
5.140625    0.0749687732801531
5.15625    0.0749319831210331
5.171875    0.0744940647212868
5.1875    0.0744868115474948
5.203125    0.0740240076872765
5.21875    0.0740455813297728
5.234375    0.0735585482391373
5.25    0.0736082562243651
5.265625    0.0730976329564509
5.28125    0.0731748000149197
5.296875    0.0726923479625294
5.3125    0.0727451765338726
5.328125    0.0722942477645863
5.34375    0.0723193496827605
5.359375    0.0718992600646137
5.375    0.0718972834509483
5.390625    0.0715073646807181
5.40625    0.0714789419332178
5.421875    0.0711185411278858
5.4375    0.0710642893462721
5.453125    0.070732768646064
5.46875    0.0706532900437002
5.484375    0.0703500262265113
5.5    0.0702459085303563
5.515625    0.0699702926369435
5.53125    0.0698421094753208
5.546875    0.069593546445327
5.5625    0.0694418577242427
5.578125    0.0692197660420767
5.59375    0.0690451183103847
5.609375    0.0688489296617127
5.625    0.068651856465294
5.640625    0.0684810154024877
5.65625    0.0682620376282752
5.671875    0.068116001245728
5.6875    0.0678756274552434
5.703125    0.0677538650735
5.71875    0.0674925918269691
5.734375    0.0673945846858232
5.75    0.0671128968563678
5.765625    0.0670381378164531
5.78125    0.0667365088956488
5.796875    0.0666845021480985
5.8125    0.0663633945421638
5.828125    0.0663336553268191
5.84375    0.0659935206444799
5.859375    0.0659855749752915
5.875    0.0656268543071531
5.890625    0.0656402387055983
5.90625    0.0652633628956589
5.921875    0.0652976241312633
5.9375    0.0649030140404116
5.953125    0.0649577088785103
5.96875    0.0645705764620368
5.984375    0.0646204705967326
6    0.0642566520047539
6.015625    0.0642858869687874
6.03125    0.0639449319331596
6.046875    0.0639539357201776
6.0625    0.0636354032646803
6.078125    0.0636245946280242
6.09375    0.0633280528545387
6.109375    0.0632978415293272
6.125    0.0630228674095548
6.140625    0.0629736543287936
6.15625    0.0627198335011251
6.171875    0.0626520110061538
6.1875    0.062418937577824
6.203125    0.0623328896230224
6.21875    0.0621201659770275
6.234375    0.062016268329437
6.25    0.0618235049365707
6.265625    0.0617021253696289
6.28125    0.0615289406050262
6.296875    0.0613904390878937
6.3125    0.061236459052284
6.328125    0.0610811879337064
6.34375    0.0609460462790733
6.359375    0.0607743504667121
6.375    0.0606576882263636
6.390625    0.0604699053611619
6.40625    0.0603713707840302
6.421875    0.0601678314102461
6.4375    0.0600870797991534
6.453125    0.059868107529917
6.46875    0.0598048010841607
6.484375    0.0595707127627764
6.5    0.059524520424191
6.515625    0.0592756262811725
6.53125    0.0592462235844238
6.546875    0.0589828273904084
6.5625    0.058969896316652
6.578125    0.0586922955316472
6.59375    0.0586955243660099
6.609375    0.0584040102845955
6.625    0.0584230934767983
6.640625    0.058117951369695
6.65625    0.0581525893986998
6.671875    0.0578340986505473
6.6875    0.0578839978917788
6.703125    0.0575819990266428
6.71875    0.0576173047322271
6.734375    0.0573326375215537
6.75    0.0573524957168288
6.765625    0.0570848610320482
6.78125    0.0570895566680689
6.796875    0.0568386609142642
6.8125    0.0568284734382513
6.828125    0.0565940284399947
6.84375    0.0565692319138153
6.859375    0.0563509548036375
6.875    0.0563118180193063
6.890625    0.056109431128699
6.90625    0.0560562177211004
6.921875    0.0558694484738522
6.9375    0.055802417030916
6.953125    0.0556309978391379
6.96875    0.0555504020091353
6.984375    0.055394070171319
7    0.0553001587680575
7.015625    0.0551586563695123
7.03125    0.0550516734746723
7.046875    0.0549247472903292
7.0625    0.0548049323535537
7.078125    0.0546923337528591
7.09375    0.0545599216895088
7.109375    0.0544614065433292
7.125    0.0543166278299902
7.140625    0.0542319564197854
7.15625    0.0540750371873073
7.171875    0.054003974116215
7.1875    0.0538351362409586
7.203125    0.0537774503468462
7.21875    0.0535969115395055
7.234375    0.0535523758100907
7.25    0.0533603497025571
7.265625    0.0533287411921727
7.28125    0.0531254374224961
7.296875    0.0531065371708344
7.3125    0.0528921614660709
7.328125    0.0528857544188404
7.34375    0.0526605086760966
7.359375    0.0526663836070128
7.375    0.0524304659725425
7.390625    0.0524484154075985
7.40625    0.0522020203541641
7.421875    0.0522318404971686
7.4375    0.0519754627283081
7.453125    0.0520166495593148
7.46875    0.0517736662167956
7.484375    0.0518028332875903
7.5    0.0515730365849643
7.515625    0.0515903823878588
7.53125    0.0513735680112801
7.546875    0.0513792875809206
7.5625    0.0511752546240417
7.578125    0.0511695396046805
7.59375    0.0509780905052284
7.609375    0.0509611292165266
7.625    0.0507820696939013
7.640625    0.0507540471953058
7.65625    0.0505871861895595
7.671875    0.0505482843434105
7.6875    0.0503934339555049
7.703125    0.0503438314885733
7.71875    0.0502008069217611
7.734375    0.0501406794858617
7.75    0.0500092989882916
7.765625    0.0499388192191474
7.78125    0.0498189040277158
7.796875    0.0497382416029086
7.8125    0.0496296158881119
7.828125    0.049538937583697
7.84375    0.0494414283956417
7.859375    0.0493408981415586
7.875    0.0492543353571955
7.890625    0.0491441142915093
7.90625    0.0490683305626571
7.921875    0.0489485770847082
7.9375    0.0488834077874466
7.953125    0.04875427760983
7.96875    0.0486995607945606
7.984375    0.0485612069940468
8    0.0485167833368888
