t    error
0    0
0.015625    4.93613352336047
0.03125    5.68502528848787
0.046875    4.48280075349076
0.0625    3.4050268966742
0.078125    2.62564896352452
0.09375    2.18594049312522
0.109375    1.99141514486214
0.125    1.7944447708006
0.140625    1.61309966922749
0.15625    1.45240461590002
0.171875    1.31220834622159
0.1875    1.19051783390893
0.203125    1.08488119424077
0.21875    1.00304149617909
0.234375    0.951554349996664
0.25    0.902047320994359
0.265625    0.855080573894607
0.28125    0.810893595800954
0.296875    0.769534860239507
0.3125    0.730941716085709
0.328125    0.694989683829139
0.34375    0.661522814434101
0.359375    0.630372251633693
0.375    0.601367410636716
0.390625    0.574342523304006
0.40625    0.551231834220756
0.421875    0.534131917968317
0.4375    0.517580692754527
0.453125    0.501605767228763
0.46875    0.486219708353752
0.484375    0.471424153243816
0.5    0.457212879178803
0.515625    0.443574098550115
0.53125    0.430492174950226
0.546875    0.417948905426502
0.5625    0.40592447658705
0.578125    0.394398174877753
0.59375    0.383348911188197
0.609375    0.372755605017266
0.625    0.362597462327785
0.640625    0.352854172925704
0.65625    0.344131029451922
0.671875    0.337134271967987
0.6875    0.330302285567052
0.703125    0.323636817791495
0.71875    0.317138324881483
0.734375    0.310806222821125
0.75    0.304639094533621
0.765625    0.298634860958225
0.78125    0.292790922324138
0.796875    0.287104274792427
0.8125    0.281571606708786
0.828125    0.276189377955993
0.84375    0.270953885280867
0.859375    0.265861315969107
0.875    0.260907791831816
0.890625    0.256089405129817
0.90625    0.251402247786547
0.921875    0.246842435011896
0.9375    0.242406124270822
0.953125    0.238089530376878
0.96875    0.234123566482558
0.984375    0.230788747413624
1    0.22751216096979
1.015625    0.224293815380284
1.03125    0.221133548178499
1.046875    0.218031050989854
1.0625    0.214985891187149
1.078125    0.211997530811517
1.09375    0.209065343104346
1.109375    0.20618862695066
1.125    0.203366619494492
1.140625    0.200598507154062
1.15625    0.197883435233957
1.171875    0.195220516308221
1.1875    0.192608837524074
1.203125    0.190047466959
1.21875    0.187535459146451
1.234375    0.185071859870945
1.25    0.182655710321631
1.265625    0.180286050681481
1.28125    0.177961923221153
1.296875    0.175682374956577
1.3125    0.173446459923676
1.328125    0.171253241115955
1.34375    0.169204694812508
1.359375    0.167428466772461
1.375    0.165675883959564
1.390625    0.16394687588019
1.40625    0.162241341240244
1.421875    0.16055915142058
1.4375    0.158900153621177
1.453125    0.157264173706189
1.46875    0.155651018777893
1.484375    0.154060479505276
1.5    0.152492332230436
1.515625    0.150946340873542
1.53125    0.149422258655287
1.546875    0.147919829653644
1.5625    0.146438790210623
1.578125    0.144978870202387
1.59375    0.143539794186083
1.609375    0.142121282434093
1.625    0.140723051866079
1.640625    0.139344816888971
1.65625    0.137986290151941
1.671875    0.136647183225663
1.6875    0.135327207211573
1.703125    0.134026073288083
1.71875    0.13274349319937
1.734375    0.131479179692078
1.75    0.130232846904508
1.765625    0.129004210712428
1.78125    0.127843464363349
1.796875    0.126815226653436
1.8125    0.125797713266003
1.828125    0.124790883311497
1.84375    0.123794688891133
1.859375    0.122809075730954
1.875    0.12183398376849
1.890625    0.120869347695937
1.90625    0.119915097463562
1.921875    0.118971158744946
1.9375    0.118037453368146
1.953125    0.117113899714546
1.96875    0.116200413087976
1.984375    0.115296906056351
2    0.114403288767374
2.015625    0.113519469241042
2.03125    0.112645353639405
2.046875    0.111780846516589
2.0625    0.110925851049303
2.078125    0.110080269249943
2.09375    0.109244002163315
2.109375    0.108416950048024
2.125    0.107599012544048
2.140625    0.106790088826907
2.15625    0.105990077749659
2.171875    0.105198877973865
2.1875    0.10441638808972
2.203125    0.103642506726559
2.21875    0.102877132654413
2.234375    0.102120164876807
2.25    0.101371502716104
2.265625    0.100631045891256
2.28125    0.0999256133172514
2.296875    0.0992908163639451
2.3125    0.098661332289652
2.328125    0.0980371406224931
2.34375    0.097418218983601
2.359375    0.0968045432289444
2.375    0.0961960875825373
2.390625    0.0955928247617315
2.40625    0.0949947260953931
2.421875    0.0944017616343397
2.4375    0.0938139002561273
2.453125    0.0932311097628194
2.46875    0.0926533569733832
2.484375    0.0920806078103005
2.5    0.091512827381183
2.515625    0.0909499800553688
2.53125    0.0903920295359782
2.546875    0.0898389389276273
2.5625    0.0892906707999128
2.578125    0.0887471872471872
2.59375    0.0882084499447037
2.609375    0.0876744202012639
2.625    0.08714505900849
2.640625    0.0866203270873983
2.65625    0.0861001849317871
2.671875    0.0855845928491587
2.6875    0.0850735109986221
2.703125    0.0845668994270406
2.71875    0.0840647181025373
2.734375    0.083566926945602
2.75    0.0830734858587101
2.765625    0.0825843547537767
2.78125    0.0820994935777668
2.796875    0.0816188623365295
2.8125    0.0811424211173104
2.828125    0.0806701301094101
2.84375    0.0802172556903056
2.859375    0.0798048337528369
2.875    0.0793952389788268
2.890625    0.078988461146958
2.90625    0.078584489438267
2.921875    0.0781833124737768
2.9375    0.0777849183496084
2.953125    0.0773892946707158
2.96875    0.0769964285830002
2.984375    0.0766063068037246
3    0.0762189156504521
3.015625    0.0758342410687408
3.03125    0.0754522686582945
3.046875    0.0750729836980261
3.0625    0.0746963711696547
3.078125    0.0743224157803589
3.09375    0.0739511019842093
3.109375    0.0735824140026122
3.125    0.0732163358436984
3.140625    0.0728528513207572
3.15625    0.0724919440697161
3.171875    0.0721335975658198
3.1875    0.0717777951396218
3.203125    0.0714245199917431
3.21875    0.071073755207309
3.234375    0.0707254837695085
3.25    0.070379688572388
3.265625    0.0700363524331892
3.28125    0.0696954581038101
3.296875    0.0693569882819557
3.3125    0.0690209256213323
3.328125    0.068687252741855
3.34375    0.0683559522388092
3.359375    0.0680270066916924
3.375    0.0677003986729099
3.390625    0.0673761107553499
3.40625    0.0670541255202585
3.421875    0.0667344255642038
3.4375    0.0664169935058964
3.453125    0.0661018119924649
3.46875    0.0657980115477441
3.484375    0.0655187633295266
3.5    0.0652411112746128
3.515625    0.0649650501315095
3.53125    0.0646905744386902
3.546875    0.0644176785358773
3.5625    0.0641463565745708
3.578125    0.0638766025283206
3.59375    0.0636084102024555
3.609375    0.0633417732438452
3.625    0.0630766851495299
3.640625    0.0628131392756725
3.65625    0.0625511288457773
3.671875    0.0622906469587207
3.6875    0.0620316865964038
3.703125    0.0617742406309622
3.71875    0.0615183018322629
3.734375    0.0612638628740482
3.75    0.0610109163408674
3.765625    0.0607594547341646
3.78125    0.0605094704782006
3.796875    0.0602609559258633
3.8125    0.0600139033639679
3.828125    0.0597683050188016
3.84375    0.0595241530608351
3.859375    0.0592814396098788
3.875    0.0590401567393508
3.890625    0.0588002964810227
3.90625    0.0585618508291097
3.921875    0.0583248117443061
3.9375    0.0580891711577986
3.953125    0.0578549209749459
3.96875    0.0576220530787821
3.984375    0.057390559333441
4    0.0571604315875931
4.015625    0.0569316616773262
4.03125    0.0567042414293829
4.046875    0.0564781626636861
4.0625    0.056253417196532
4.078125    0.0560299968428722
4.09375    0.0558078934187516
4.109375    0.0555870987440684
4.125    0.0553676046444681
4.140625    0.0551494029538037
4.15625    0.0549381699894557
4.171875    0.0547425756336818
4.1875    0.054547928658759
4.203125    0.0543542262624344
4.21875    0.0541614655611828
4.234375    0.0539696435939004
4.25    0.0537787573253643
4.265625    0.0535888036498153
4.28125    0.0533997793942622
4.296875    0.0532116813216654
4.3125    0.0530245061340414
4.328125    0.0528382504756798
4.34375    0.0526529109356601
4.359375    0.0524684840510353
4.375    0.0522849663092714
4.390625    0.052102354151087
4.40625    0.0519206439727375
4.421875    0.0517398321286106
4.4375    0.051559914933678
4.453125    0.0513808886654687
4.46875    0.0512027495664986
4.484375    0.0510254938462558
4.5    0.0508491176834858
4.515625    0.0506736172278436
4.53125    0.050498988601991
4.546875    0.0503252279033485
4.5625    0.0501523312059373
4.578125    0.0499802945620099
4.59375    0.0498091140039248
4.609375    0.0496387855453895
4.625    0.0494693051831575
4.640625    0.0493006688986373
4.65625    0.0491328726592132
4.671875    0.0489659124194763
4.6875    0.0487997841228452
4.703125    0.0486344837026423
4.71875    0.048470007083359
4.734375    0.0483063501819098
4.75    0.0481435089087315
4.765625    0.0479814791688706
4.78125    0.0478202568631048
4.796875    0.0476598378889201
4.8125    0.0475002181415655
4.828125    0.0473413935148857
4.84375    0.0471833599022763
4.859375    0.0470261131977057
4.875    0.0468696492964368
4.890625    0.0467139640957382
4.90625    0.0465626958398367
4.921875    0.046421804139494
4.9375    0.0462814992734184
4.953125    0.0461417796820758
4.96875    0.0460026437717919
4.984375    0.045864089915986
5    0.0457261164566701
5.015625    0.0455887217055937
5.03125    0.0454519039454985
5.046875    0.0453156614313304
5.0625    0.0451799923915055
5.078125    0.0450448950288663
5.09375    0.044910367521915
5.109375    0.0447764080257918
5.125    0.0446430146734644
5.140625    0.0445101855765614
5.15625    0.0443779188264287
5.171875    0.0442462124950413
5.1875    0.0441150646360043
5.203125    0.0439844732854084
5.21875    0.0438544364625987
5.234375    0.0437249521712078
5.25    0.0435960183997799
5.265625    0.0434676331226048
5.28125    0.0433397943007413
5.296875    0.0432124998823741
5.3125    0.043085747803726
5.328125    0.0429595359898041
5.34375    0.0428338623550226
5.359375    0.042708724803905
5.375    0.0425841212315408
5.390625    0.042460049524587
5.40625    0.0423365075614253
5.421875    0.0422134932130638
5.4375    0.0420910043436718
5.453125    0.0419690388109151
5.46875    0.0418475944667464
5.484375    0.0417266691577295
5.5    0.0416062607257297
5.515625    0.0414863670082496
5.53125    0.0413669858388636
5.546875    0.0412481150478649
5.5625    0.041129752462556
5.578125    0.0410118959077062
5.59375    0.0408945432060429
5.609375    0.0407776921784977
5.625    0.0406613406447419
5.640625    0.0405454864235444
5.65625    0.0404301273331069
5.671875    0.0403152611912993
5.6875    0.0402008858162513
5.703125    0.0400869990265205
5.71875    0.0399760077994091
5.734375    0.0398721302678595
5.75    0.0397686297406091
5.765625    0.0396655053132604
5.78125    0.0395627560661209
5.796875    0.0394603810647385
5.8125    0.0393583793604148
5.828125    0.0392567499907405
5.84375    0.0391554919800306
5.859375    0.0390546043398491
5.875    0.0389540860694998
5.890625    0.0388539361564622
5.90625    0.0387541535768597
5.921875    0.0386547372957737
5.9375    0.0385556862679227
5.953125    0.0384569994378655
5.96875    0.0383586757405026
5.984375    0.0382607141013456
6    0.038163113437108
6.015625    0.0380658726558969
6.03125    0.0379689906577145
6.046875    0.0378724663346832
6.0625    0.0377762985714698
6.078125    0.0376804862456547
6.09375    0.0375850282280005
6.109375    0.0374899233827546
6.125    0.0373951705680401
6.140625    0.0373007686361473
6.15625    0.0372067164336801
6.171875    0.0371130128021476
6.1875    0.037019656577877
6.203125    0.0369266465926718
6.21875    0.0368339816736584
6.234375    0.0367416606440217
6.25    0.0366496823228076
6.265625    0.0365580455254804
6.28125    0.0364667490639812
6.296875    0.0363757917471518
6.3125    0.0362851723807818
6.328125    0.0361948897678221
6.34375    0.0361049427087976
6.359375    0.0360153300018213
6.375    0.0359260504429296
6.390625    0.0358371028261843
6.40625    0.0357484859439085
6.421875    0.035660198586922
6.4375    0.0355722395446768
6.453125    0.035484607605315
6.46875    0.0353973015561598
6.484375    0.0353103201835398
6.5    0.0352236622731691
6.515625    0.0351373266103607
6.53125    0.0350513119797615
6.546875    0.0349656171661217
6.5625    0.0348802409540409
6.578125    0.0347951821280817
6.59375    0.0347122032701115
6.609375    0.0346341176165413
6.625    0.0345562819887666
6.640625    0.0344786958457088
6.65625    0.0344013586392789
6.671875    0.0343242698142904
6.6875    0.0342474288088388
6.703125    0.0341708350545932
6.71875    0.0340944879767979
6.734375    0.0340183869946633
6.75    0.033942531521568
6.765625    0.033866920965094
6.78125    0.0337915547273844
6.796875    0.033716432205245
6.8125    0.0336415527903023
6.828125    0.0335669158693605
6.84375    0.0334925208243815
6.859375    0.0334183670327199
6.875    0.0333444538672806
6.890625    0.0332707806967763
6.90625    0.0331973468857626
6.921875    0.0331241517949285
6.9375    0.0330511947810319
6.953125    0.0329784751973459
6.96875    0.0329059923935824
6.984375    0.0328337457160944
7    0.0327617345080551
7.015625    0.0326899581095488
7.03125    0.0326184158577283
7.046875    0.0325471070870498
7.0625    0.0324760311291188
7.078125    0.0324051873131592
7.09375    0.0323345749658364
7.109375    0.0322641934116039
7.125    0.0321940419727047
7.140625    0.0321241199692622
7.15625    0.0320544267195592
7.171875    0.0319849615399175
7.1875    0.0319157237449438
7.203125    0.0318467126476426
7.21875    0.031777927559462
7.234375    0.0317093677903397
7.25    0.0316410326490161
7.265625    0.0315729214428793
7.28125    0.0315050334782121
7.296875    0.031437368060204
7.3125    0.031369924493164
7.328125    0.0313027020803327
7.34375    0.0312357001244071
7.359375    0.0311689179270513
7.375    0.0311023547895891
7.390625    0.0310360100126145
7.40625    0.0309698828962495
7.421875    0.0309039727403013
7.4375    0.0308382788440962
7.453125    0.0307728005068485
7.46875    0.0307075370275166
7.484375    0.0306424877048713
7.5    0.0305776518376638
7.515625    0.0305130287247046
7.53125    0.0304505155875901
7.546875    0.0303908842319423
7.5625    0.030331423711914
7.578125    0.0302721336980038
7.59375    0.0302130138571155
7.609375    0.0301540638527372
7.625    0.0300952833450538
7.640625    0.0300366719909926
7.65625    0.0299782294442908
7.671875    0.0299199553557308
7.6875    0.0298618493730516
7.703125    0.0298039111411394
7.71875    0.0297461403021397
7.734375    0.0296885364954141
7.75    0.0296310993577632
7.765625    0.0295738285234394
7.78125    0.029516723624203
7.796875    0.0294597842895462
7.8125    0.0294030101465266
7.828125    0.0293464008200131
7.84375    0.0292899559328654
7.859375    0.0292336751056222
7.875    0.0291775579570041
7.890625    0.0291216041037132
7.90625    0.0290658131605793
7.921875    0.0290101847407162
7.9375    0.0289547184553778
7.953125    0.0288994139141819
7.96875    0.0288442707252108
7.984375    0.028789288494901
8    0.0287344668282442
