iteration    errorX    errorY
0    0.956940335732209    0.995184726672197
1    0.934033606304266    0.971362523329437
2    0.911675205997263    0.948110563235889
3    0.889852009199979    0.925415196211568
4    0.868551204495097    0.903263098827246
5    0.847760287138207    0.881641266582868
6    0.827467051716824    0.86053700627319
7    0.807659584985147    0.839937928536176
8    0.788326258870324    0.819831940579755
9    0.769455723646131    0.800207239082689
10    0.751036901270066    0.781052303265376
11    0.733058978879919    0.762355888126513
12    0.715511402446036    0.744107017841668
13    0.698383870575516    0.726294979319861
14    0.68166632846473    0.708909315914395
15    0.665348961996596    0.691939821284227
16    0.649422191979156    0.675376533402282
17    0.633876668522058    0.659209728707201
18    0.61870326554766    0.643429916395068
19    0.603893075433517    0.628027832847792
20    0.589437403783122    0.61299443619485
21    0.575327764321809    0.598320901005212
22    0.561555873914849    0.58399861310633
23    0.548113647704793    0.57001916452714
24    0.534993194365213    0.556374348562126
25    0.522186811468061    0.543056154953525
26    0.509686980961924    0.530056765188873
27    0.497486364758504    0.517368547911103
28    0.485577800424768    0.50498405443852
29    0.473954296978197    0.492896014392013
30    0.4626090307827    0.481097331426945
31    0.45153534154276    0.469581079067209
32    0.440726728393477    0.458340496639002
33    0.430176846084203    0.447368985301939
34    0.419879501253528    0.436660104175172
35    0.409828648793437    0.426207566556236
36    0.400018388300501    0.416005236230411
37    0.390442960612012    0.406047123868425
38    0.381096744425043    0.396327383510389
39    0.371974252996426    0.386840309133897
40    0.36307013092174    0.377580331304274
41    0.354379150991389    0.368542013905016
42    0.345896211121943    0.359720050946487
43    0.337616331360935    0.351109263451014
44    0.329534650963356    0.342704596412538
45    0.321646425538128    0.334501115829051
46    0.313947024262886    0.326494005806065
47    0.306431927165431    0.318678565729414
48    0.29909672247026    0.31105020750574
49    0.291937104008605    0.303604452869023
50    0.28494886869048    0.296336930751598
51    0.278127914037234    0.289243374718097
52    0.271470235773171    0.282319620460813
53    0.26497192547482    0.275561603355026
54    0.258629168276474    0.268965356072844
55    0.252438240630656    0.262527006254162
56    0.246395508122189    0.256242774233374
57    0.240497423334597    0.250108970820502
58    0.234740523767574    0.244121995135437
59    0.229121429804309    0.238278332494026
60    0.223636842727462    0.232574552344759
61    0.218283542782635    0.227007306254845
62    0.213058387288203    0.221573325944498
63    0.207958308790383    0.216269421368277
64    0.202980313262471    0.211092478842356
65    0.198121478347183    0.206039459216618
66    0.193378951641074    0.201107396090505
67    0.188749949020015    0.196293394071582
68    0.184231753004763    0.19159462707578
69    0.179821711165648    0.187008336668328
70    0.175517234565454    0.182531830444402
71    0.171315796239567    0.178162480448534
72    0.167214929712513    0.173897721631859
73    0.163212227549994    0.169735050346289
74    0.159305339945597    0.165672022874732
75    0.155491973341327    0.1617062539965
76    0.151769889081161    0.15783541558705
77    0.148136902096835    0.154057235251248
78    0.14459087962509    0.150369494989346
79    0.141129739955618    0.146770029894898
80    0.13775145120899    0.143256726883837
81    0.134454030143823    0.139827523453981
82    0.131235540992517    0.136480406474228
83    0.128094094324847    0.13321341100274
84    0.125027845938764    0.130024619133414
85    0.122034995777749    0.126912158869963
86    0.11911378687408    0.123874203026952
87    0.116262504317394    0.120908968157142
88    0.113479474247943    0.118014713504507
89    0.110763062873942    0.115189739982312
90    0.108111675512448    0.112432389175659
91    0.105523755653192    0.109741042367904
92    0.102997784044817    0.107114119590385
93    0.100532277803002    0.104550078694887
94    0.0981257895399211    0.102047414448321
95    0.09577690651455    0.099604657649068
96    0.0934842498033085    0.0972203742644782
97    0.0912464734905563    0.094893164589012
98    0.0890622638784671    0.0926216624225383
99    0.086930338715815    0.0904045342682988
100    0.0848494464452233    0.088240478550072
101    0.0828183654684305    0.0861282248480769
102    0.0808359034291453    0.0840665331531665
103    0.0789008965130684    0.0820541931388734
104    0.0770122087646685    0.0800900234508833
105    0.0751687314203149    0.0781728710135129
106    0.0733693822573711    0.0763016103527928
107    0.0716131049588716    0.074475142935751
108    0.0698988684934052    0.0726923965255151
109    0.0682256665098431    0.0709523245518484
110    0.0665925167465548    0.0692539054967574
111    0.0649984604547673    0.0675961422948032
112    0.0634425618357265    0.0659780617477698
113    0.0619239074913315    0.0643987139533434
114    0.06044160588792    0.062857171747467
115    0.0589947868328892    0.0613525301600443
116    0.0575826009638442    0.0598839058836722
117    0.0562042192499761    0.0584504367550917
118    0.0548588325053753    0.057051281249049
119    0.0535456509139943    0.0556856179842756
120    0.0522639035659829    0.0543526452412909
121    0.051012838005121    0.0530515804917499
122    0.0497917197870863    0.0517816599390547
123    0.0485998320482943    0.0505421380699654
124    0.04743647508506    0.0493322872169416
125    0.0463009659428339    0.0481513971309621
126    0.0451926380152694    0.0469987745645694
127    0.0441108406528887    0.0458737428648952
128    0.0430549387811157    0.0447756415764287
129    0.0420243125274516    0.0437038260532915
130    0.0410183568575769    0.0426576670807964
131    0.0400364812201617    0.0416365505060632
132    0.0390781092001805    0.0406398768774763
133    0.0381426781805243    0.0396670610927755
134    0.0372296390117135    0.0387175320555667
135    0.0363384556895174    0.0377907323400589
136    0.0354686050402895    0.0368861178638228
137    0.0346195764138362    0.0360031575683858
138    0.033790871383637    0.0351413331074703
139    0.0329820034542407    0.0343001385426973
140    0.032192497775666    0.0334790800465713
141    0.031421890864638    0.0326776756125776
142    0.0306697303324979    0.0318954547722169
143    0.0299355746196268    0.0311319583188155
144    0.0292189927362254    0.0303867380379445
145    0.028519564009299    0.0296593564442943
146    0.0278368778356994    0.0289493865248462
147    0.0271705334410794    0.0282564114881925
148    0.026520139644614    0.027580024519856
149    0.0258853146293578    0.0269198285434695
150    0.0252656857180964    0.0262754359876681
151    0.0246608891545645    0.0256464685585648
152    0.0240705698899012    0.0250325570176705
153    0.0234943813742164    0.0244333409651309
154    0.0229319853531476    0.023848468628152
155    0.0223830516692851    0.0232775966544905
156    0.0218472580683522    0.0227203899108859
157    0.0213242900100235    0.0221765212863203
158    0.0208138404832734    0.0216456714999853
159    0.0203156098261426    0.0211275289138469
160    0.0198293055498211    0.0206217893496973
161    0.0193546421669404    0.0201281559105841
162    0.0188913410239766    0.0196463388065172
163    0.0184391301376667    0.0191760551843453
164    0.0179977440353377    0.0187170289617051
165    0.0175669235990611    0.018268990664947
166    0.0171464159135353    0.0178316772709374
167    0.016735974117611    0.0174048320526521
168    0.0163353572593699    0.0169882044284607
169    0.0159443301546729    0.016581549815024
170    0.0155626632490936    0.0161846294837076
171    0.0151901324831578    0.0157972104204375
172    0.0148265191608078    0.015419065188906
173    0.014471609821016    0.0150499717970555
174    0.0141251961124715    0.0146897135667555
175    0.0137870746712665    0.0143380790066029
176    0.0134570470015102    0.0139948616877618
177    0.0131349193588011    0.0136598601227816
178    0.012820502636488    0.0133328776473102
179    0.0125136122546552    0.0130137223046428
180    0.0122140680517615    0.0127022067330321
181    0.0119216941788783    0.0123981480556972
182    0.0116363189964545    0.0121013677734634
183    0.0113577749735557    0.0118116916599754
184    0.0110858985895138    0.0115289496594154
185    0.0108205302379318    0.0112529757866719
186    0.0105615141329856    0.0109836080298961
187    0.0103086982179699    0.0107206882553933
188    0.0100619340760313    0.0104640621147888
189    0.00982107684304079    0.0102135789544179
190    0.00958598512254971    0.00996909172688265
191    0.00935652090278249    0.00973045690472807
192    0.00913254947561626    0.00949753439618273
193    0.00891393935749929    0.00927018746291808
194    0.00870056221226378    0.00904828263977475
195    0.00849229277578434    0.00883168965641157
196    0.00828900878244232    0.00862028136082926
197    0.00809059089334785    0.00841393364472631
198    0.00789692262628261    0.00821252537063877
199    0.00770789028731733    0.00801593830082814
200    0.00752338290406784    0.00782405702786682
201    0.00734329216054785    0.00763676890689025
202    0.00716751233358148    0.00745396398946541
203    0.00699594023073868    0.00727553495904776
204    0.00682847512975404    0.00710137706797809
205    0.00666501871939906    0.00693138807599214
206    0.00650547504176657    0.00676546819019752
207    0.00634975043593966    0.00660352000649234
208    0.00619775348300533    0.00644544845238115
209    0.00604939495238965    0.00629116073116454
210    0.00590458774947122    0.00614056626746029
211    0.0057632468644544    0.00599357665403222
212    0.00562528932246242    0.00585010559988908
213    0.00549063413482753    0.00571006887962799
214    0.00535920225154485    0.00557338428398857
215    0.00523091651486751    0.00543997157159248
216    0.00510570161400892    0.00530975242183651
217    0.00498348404093285    0.00518265038891486
218    0.00486419204719857    0.00505859085694016
219    0.00474775560184237    0.00493750099614154
220    0.00463410635026351    0.00481930972010713
221    0.00452317757409848    0.00470394764405524
222    0.00441490415205159    0.00459134704409903
223    0.00430922252166666    0.00448144181749111
224    0.00420607064201151    0.00437416744381569
225    0.00410538795725701    0.00426946094711311
226    0.00400711536112719    0.00416726085890817
227    0.00391119516220106    0.00406750718212578
228    0.00381757105004377    0.00397014135586871
229    0.00372618806214997    0.00387510622103981
230    0.00363699255167749    0.00378234598678551
231    0.00354993215595389    0.00369180619774434
232    0.00346495576573647    0.00360343370207827
233    0.00338201349520839    0.00351717662026985
234    0.00330105665269309    0.00343298431466577
235    0.00322203771206953    0.00335080735975013
236    0.00314491028487152    0.00327059751312864
237    0.00306962909305553    0.00319230768720813
238    0.00299614994241959    0.00311589192155237
239    0.00292442969665951    0.00304130535590319
240    0.00285442625204435    0.00296850420384143
241    0.0027860985127004    0.00289744572708595
242    0.00271940636648504    0.00282808821040048
243    0.00265431066143884    0.00276039093710667
244    0.00259077318280099    0.00269431416517996
245    0.00252875663057561    0.00262981910391946
246    0.00246822459763374    0.00256686789117544
247    0.00240914154834204    0.00250542357112238
248    0.00235147279769898    0.00244545007256336
249    0.00229518449097532    0.00238691218775478
250    0.00224024358383734    0.0023297755517373
251    0.00218661782294982    0.00227400662216171
252    0.00213427572704017    0.0022195726595976
253    0.00208318656841833    0.00216644170831415
254    0.00203332035493675    0.00211458257751918
255    0.00198464781238461    0.00206396482304949
256    0.00193714036730097    0.00201455872949785
257    0.00189077013020178    0.00196633529276913
258    0.00184550987920629    0.00191926620305249
259    0.00180133304405661    0.00187332382820216
260    0.00175821369052009    0.00182848119751644
261    0.0017161265051634    0.00178471198590358
262    0.00167504678049313    0.00174199049842794
263    0.00163495040045003    0.00170029165522578
264    0.00159581382625351    0.00165959097678159
265    0.00155761408258026    0.00161986456955776
266    0.00152032874407959    0.0015810891119673
267    0.00148393592220564    0.001543241840683
268    0.00144841425237008    0.0015063005372743
269    0.00141374288139762    0.00147024351516301
270    0.0013799014552861    0.00143504960689367
271    0.00134687010725609    0.00140069815170529
272    0.00131462944608896    0.00136716898340383
273    0.00128316054474253    0.00133444241852232
274    0.00125244492924015    0.00130249924476644
275    0.0012224645678256    0.00127132070973568
276    0.00119320186037675    0.00124088850991433
277    0.00116463962807467    0.00121118477992677
278    0.00113676110331684    0.00118219208204895
279    0.00110954991987566    0.00115389339597183
280    0.00108299010328905    0.00112627210880989
281    0.00105706606148326    0.0010993120053473
282    0.00103176257561921    0.00107299725852028
283    0.00100706479115864    0.00104731242012435
284    0.000982958209142848    0.00102224241174609
285    0.000959428677681951    0.000997772515911044
286    0.000936462383646197    0.000973888367444165
287    0.000914045844557343    0.000950575945035892
288    0.000892165900673536    0.000927821563011633
289    0.00087080970726372    0.000905611863297073
290    0.000849964727067221    0.000883933807576454
291    0.000829618722933856    0.000862774669638244
292    0.000809759750639572    0.000842122027904346
293    0.000790376151874939    0.000821963758137367
294    0.000771456547400851    0.000802288026324094
295    0.000752989830368644    0.000783083281727048
296    0.000734965159799095    0.00076433825010469
297    0.000717371954218837    0.000746041927091823
298    0.000700199885448338    0.000728183571740204
299    0.000683438872538189    0.000710752700212591
300    0.000667079075851618    0.000693739079628219
301    0.000651110891287887    0.00067713272205594
302    0.000635524944643695    0.000660923878649688
303    0.00062031208611113    0.000645103033926842
304    0.000605463384904859    0.000629660900180795
305    0.00059097012402054    0.000614588412029549
306    0.000576823795116366    0.000599876721093073
307    0.000563016093518831    0.000585517190799356
308    0.000549538913347636    0.000571501391314011
309    0.000536384342756158    0.00055782109459146
310    0.000523544659287833    0.000544468269544907
311    0.000511012325341786    0.000531435077331333
312    0.000498779983748698    0.000518713866749621
313    0.00048684045345071    0.00050629716974937
314    0.000475186725286791    0.000494177697046072
315    0.000463811957877036    0.000482348333842419
316    0.000452709473607316    0.000470802135651427
317    0.000441872754708417    0.000459532324219247
318    0.00043129543942988    0.000448532283546688
319    0.000420971318305985    0.000437795556004428
320    0.000410894330509226    0.00042731583854283
321    0.000401058560293488    0.000417086978990899
322    0.000391458233520492    0.000407102972445283
323    0.000382087714269841    0.00039735795774487
324    0.000372941501531443    0.000387846214029874
325    0.000364014225975096    0.000378562157383189
326    0.000355300646799006    0.000369500337552786
327    0.000346795648652365    0.000360655434751833
328    0.000338494238633524    0.000352022256535633
329    0.000330391543358011    0.000343595734753732
330    0.000322482806097923    0.000335370922574074
331    0.000314763383989058    0.000327342991579105
332    0.000307228745306087    0.000319507228932148
333    0.000299874466801575    0.000311859034608841
334    0.000292696231109169    0.000304393918698631
335    0.000285689824209845    0.000297107498767546
336    0.000278851132956892    0.000289995497286144
337    0.000272176142662617    0.000283053739118411
338    0.000265660934740009    0.000276278149070053
339    0.000259301684403912    0.000269664749497189
340    0.000253094658424269    0.00026320965797022
341    0.000247036212935314    0.000256909084995316
342    0.000241122791296178    0.000250759331789308
343    0.000235350922003219    0.000244756788108869
344    0.000229717216651104    0.000238897930130322
345    0.000224218367945284    0.000233179318382071
346    0.000218851147758548    0.000227597595724105
347    0.000213612405237873    0.000222149485377909
348    0.000208499064952572    0.000216831789003114
349    0.000203508125090957    0.00021164138481955
350    0.000198636655696305    0.000206575225774053
351    0.000193881796948681    0.000201630337752667
352    0.0001892407574835    0.000196803817834046
353    0.000184710812756173    0.000192092832585478
354    0.000180289303439052    0.000187494616398998
355    0.000175973633863569    0.00018300646986924
356    0.000171761270493676    0.000178625758206929
357    0.00016764974044059    0.000174349909693339
358    0.000163636630009734    0.000170176414170164
359    0.000159719583284756    0.000166102821565928
360    0.000155896300743419    0.000162126740457347
361    0.000152164537908783    0.000158245836666349
362    0.00014852210403038    0.000154457831888832
363    0.000144966860799345    0.000150760502357405
364    0.000141496721092205    0.000147151677536317
365    0.000138109647746076    0.000143629238846699
366    0.000134803652362514    0.000140191118423338
367    0.00013157679414022    0.000136835297900317
368    0.000128427178735957    0.000133559807226402
369    0.000125352957152214    0.000130362723508193
370    0.000122352324651631    0.000127242169881803
371    0.000119423519697959    0.000124196314410518
372    0.000116564822921439    0.000121223369009438
373    0.000113774556109836    0.000118321588396308
374    0.000111051081223001    0.000115489269065905
375    0.000108392799431312    0.00011272474829116
376    0.000105798150176861    0.000110026403146168
377    0.000103265610258196    0.00010739264955395
378    0.000100793692934698    0.000104821941356081
379    9.83809470551655E-05    0.000102312769405644
380    9.60259562046151E-05    9.98636606802661E-05
