iteration    errorX    errorY
0    0.0980171403295605    0.949528180593036
1    0.0905072704770503    0.902208007819844
2    0.0835226670655603    0.857175344886822
3    0.0770323167388786    0.814323503987406
4    0.0709960203240053    0.773550553580062
5    0.0653853446919848    0.734759119055267
6    0.0601762289169272    0.697856190816243
7    0.0553434330547724    0.662752939576868
8    0.0508582613825656    0.629364538720031
9    0.0466984064516839    0.597609993570237
10    0.042842827663821    0.567411977421703
11    0.039271701033729    0.538696674139324
12    0.0360060487412967    0.511393650813505
13    0.0331295584557321    0.485435682566244
14    0.0304647602240908    0.46075860216646
15    0.027997521055535    0.437301196769551
16    0.0257143204907574    0.415005068304905
17    0.0236023313633884    0.393814510347574
18    0.0216494570060584    0.373676390003728
19    0.019844339209091    0.354540034628788
20    0.0181763470958834    0.336357123202127
21    0.0166355539494524    0.319121647592034
22    0.0152127067882121    0.302783361046057
23    0.0138991919318318    0.287259332037619
24    0.0127129824889119    0.272510168552452
25    0.0117005331136002    0.258498319416474
26    0.0107616921567059    0.245187991896607
27    0.00989142869870042    0.23254507278111
28    0.00908502849590236    0.220537052804987
29    0.0083380786548716    0.209132954290472
30    0.00764758597848938    0.198303261876871
31    0.0071131079147973    0.188019882999736
32    0.00661419409590048    0.178256034366459
33    0.00614862957932177    0.168986201110257
34    0.00584455152614956    0.160186089353885
35    0.00569039059319743    0.151832563525345
36    0.00560944551069795    0.143903592964932
37    0.00551935370368083    0.136378200869961
38    0.00552293348687614    0.129236415492308
39    0.00552812631417493    0.122459223504139
40    0.00551621624810792    0.116028525447581
41    0.00554109134934597    0.109927093184921
42    0.00557848196099625    0.10413852926712
43    0.00559573794819224    0.0986472281400037
44    0.00559484202117636    0.0934383391095113
45    0.00557763048475121    0.0884977309895775
46    0.0055555211361487    0.0838119583587345
47    0.00555311556742763    0.0793682293541338
48    0.0055348344543877    0.0751543749344163
49    0.00550231557282285    0.0711588195456285
50    0.00545707521258049    0.0673705531271469
51    0.00540051577865043    0.0637791043973157
52    0.00533393298018466    0.0603745153611697
53    0.00525852262593282    0.0571473169852197
54    0.00517538704405353    0.0540885059867826
55    0.00508554114372163    0.0511895226877432
56    0.00498991813539922    0.0484422298849427
57    0.00488937492607876    0.045844871461059
58    0.00478469720524288    0.0433897775157789
59    0.004676604236721    0.0410630233747048
60    0.0045657533710589    0.0388580698527301
61    0.00445274429246001    0.0367687016220263
62    0.00433812301380292    0.0347890116792234
63    0.00422332970740946    0.0329133865319687
64    0.00411500618517673    0.0311364920725726
65    0.00400557812374081    0.0294532601078868
66    0.00389547257314998    0.0278588755159369
67    0.00378507609287049    0.0263487640011359
68    0.00367473764255589    0.024918580421155
69    0.0035647712973178    0.0235641976597164
70    0.00345545879666939    0.022281696020711
71    0.00334705193593147    0.0210673531201223
72    0.00323977480851642    0.0199176342532758
73    0.00313382590713918    0.0188291832159174
74    0.0030293800916474    0.017798813558569
75    0.00292659043081364    0.0168235002545079
76    0.00282558992509654    0.0159003717625762
77    0.00272649311704809    0.0150267024668554
78    0.00262939759572828    0.014199905476019
79    0.00253438540118164    0.013417525765934
80    0.00244152433473434    0.0126772336498023
81    0.00235086918058519    0.0119768185608181
82    0.00226246284389117    0.01131418313298
83    0.00217633741028281    0.0106873375663268
84    0.00209251513149299    0.0100943942634676
85    0.0020110093415401    0.00953356272486106
86    0.00193182530767336    0.00900314469084573
87    0.00188241879191893    0.00850152951895955
88    0.00183702825491942    0.00802718978559114
89    0.00179237704801369    0.00757867710149396
90    0.00174849054039887    0.00715461813115925
91    0.00170538976656838    0.00675523353584173
92    0.00166309181202005    0.00637795819665443
93    0.00162161016971814    0.00602123263596899
94    0.00158095506938162    0.00568396412382766
95    0.00154113378153023    0.00536511663025352
96    0.00150215089808718    0.00506370795973765
97    0.00146400859121397    0.00477880702628042
98    0.0014267068519377    0.00450953126233089
99    0.0013902437100238    0.00425504415527089
100    0.0013546154364468    0.00401455290538111
101    0.00131981672971836    0.00378730619949963
102    0.00128584088724393    0.00357259209485361
103    0.00125267996279933    0.00336973600778878
104    0.00122032491114124    0.00317809880237308
105    0.0011887657206958    0.00299707497407564
106    0.00115799153520375    0.0028260909239447
107    0.00112799076513803    0.00266460331892138
108    0.00109875118965384    0.00251209753412784
109    0.00107026004977678    0.00236808617315976
110    0.00104250413348546    0.00223210766260007
111    0.00101546985329876    0.0021037249171465
112    0.000989143316934185    0.00198252407191546
113    0.000963510391564476    0.00186811327864167
114    0.000938556762160994    0.00176012156265426
115    0.000914853613266584    0.00165819773764997
116    0.000892684876268743    0.00156200937542939
117    0.000871058815344952    0.00147124182789327
118    0.000849965629786745    0.00138559729872623
119    0.000829395331296348    0.00130479396231686
120    0.000809337784871675    0.00122856512757863
121    0.000789782746012629    0.00115686748929689
122    0.000770719894523778    0.00108937662580777
123    0.000752138865168603    0.00102570478311337
124    0.000734029275413453    0.000965641520810578
125    0.00071638075048272    0.00090898771167125
126    0.000699182945930854    0.000855554948027693
127    0.000682425567923167    0.000805164978527451
128    0.000666098391403205    0.000757649173745767
129    0.000650191276312398    0.000712848019218226
130    0.000634694182015866    0.000670610634523339
131    0.000619597180077272    0.000630794317114214
132    0.000604890465515429    0.000604890465515429
133    0.000590564366666116    0.000590564366666116
134    0.000576609353763288    0.000576609353763288
135    0.00056301604634594    0.00056301604634594
136    0.000549775219589072    0.000549775219589072
137    0.000536877809650296    0.000536877809650296
138    0.000524314918116206    0.000524314918116206
139    0.000512077815627301    0.000512077815627301
140    0.000500157944754123    0.000500157944754123
141    0.000488546922191538    0.000488546922191538
142    0.000477236540333506    0.000477236540333506
143    0.000466286792033754    0.000466286792033754
144    0.000456289508518601    0.000456289508518601
145    0.000446527981149428    0.000446527981149428
146    0.000436996618321986    0.000436996618321986
147    0.00042768992227725    0.00042768992227725
148    0.000418602491351491    0.000418602491351491
149    0.00040972902180933    0.00040972902180933
150    0.000401064309295249    0.000401064309295249
151    0.000392603249936993    0.000392603249936993
152    0.000384340841131189    0.000384340841131189
153    0.000376272182040296    0.000376272182040296
154    0.000368392473826765    0.000368392473826765
155    0.000360697019649359    0.000360697019649359
156    0.000353181224444082    0.000353181224444082
157    0.00034584059451076    0.00034584059451076
158    0.000338670736924826    0.000338670736924826
159    0.000331667358792129    0.000331667358792129
160    0.000324826266363515    0.000324826266363515
161    0.000318143364024179    0.000318143364024179
162    0.00031161465317249    0.00031161465317249
163    0.000305236231000747    0.000305236231000747
164    0.000299004289190039    0.000299004289190039
165    0.000293182734892899    0.000293182734892899
166    0.000287682207083056    0.000287682207083056
167    0.000282293747286069    0.000282293747286069
168    0.000277014933142986    0.000277014933142986
169    0.000271843387171324    0.000271843387171324
170    0.000266776776814012    0.000266776776814012
171    0.000261812814402351    0.000261812814402351
172    0.000256949257040479    0.000256949257040479
173    0.000252183906418964    0.000252183906418964
174    0.000247514608564044    0.000247514608564044
175    0.000242939253528807    0.000242939253528807
176    0.000238455775032204    0.000238455775032204
177    0.000234062150051256    0.000234062150051256
178    0.000229756398371389    0.000229756398371389
179    0.000225536582099659    0.000225536582099659
180    0.00022140080514492    0.00022140080514492
181    0.000217347212669153    0.000217347212669153
182    0.000213492754291188    0.000213492754291188
183    0.00020991509853267    0.00020991509853267
184    0.00020639875022304    0.00020639875022304
185    0.000202942654239542    0.000202942654239542
186    0.000199545768252943    0.000199545768252943
187    0.000196207063054111    0.000196207063054111
188    0.000192925522835952    0.000192925522835952
189    0.000189700145433781    0.000189700145433781
190    0.000186529942527342    0.000186529942527342
191    0.000183413939807101    0.000183413939807101
192    0.000180351177107584    0.000180351177107584
193    0.000177340708510207    0.000177340708510207
194    0.000174381602417881    0.000174381602417881
195    0.000171472941603665    0.000171472941603665
196    0.000168613823235454    0.000168613823235454
197    0.000165970793845543    0.000165970793845543
198    0.000163437042430388    0.000163437042430388
199    0.000160939626560013    0.000160939626560013
200    0.000158478114291784    0.000158478114291784
201    0.000156052072171661    0.000156052072171661
202    0.000153661065742995    0.000153661065742995
203    0.000151304660020937    0.000151304660020937
204    0.000148982419934258    0.000148982419934258
205    0.000146693910736529    0.000146693910736529
206    0.000144438698388224    0.000144438698388224
207    0.00014221634991152    0.00014221634991152
208    0.000140026433719256    0.000140026433719256
209    0.000137868519919548    0.000137868519919548
210    0.000135842325517735    0.000135842325517735
211    0.000133921136965476    0.000133921136965476
212    0.000132023144024933    0.000132023144024933
213    0.00013014820351287    0.00013014820351287
214    0.000128296165092752    0.000128296165092752
215    0.000126466871824486    0.000126466871824486
216    0.000124660160685103    0.000124660160685103
217    0.000122875863061998    0.000122875863061998
218    0.00012111380521973    0.00012111380521973
219    0.000119373808741899    0.000119373808741899
220    0.000117655690949153    0.000117655690949153
221    0.000115959265294521    0.000115959265294521
222    0.000114322224962549    0.000114322224962549
223    0.000112803665706471    0.000112803665706471
224    0.000111300777007897    0.000111300777007897
225    0.000109813547846824    0.000109813547846824
226    0.000108341958603056    0.000108341958603056
227    0.000106885981557919    0.000106885981557919
228    0.000105445581372376    0.000105445581372376
229    0.000104020715542552    0.000104020715542552
230    0.000102611334833941    0.000102611334833941
231    0.000101217383694813    0.000101217383694813
232    9.9838800650065E-05    9.9838800650065E-05
