iteration    errorX    errorY
0    0.956940335732209    0.995184726672197
1    0.915043425873206    0.949870999817027
2    0.874934180359938    0.906575771956833
3    0.836538544106443    0.865211166219736
4    0.799785431615573    0.825693040608604
5    0.764606618285336    0.787940835481554
6    0.730936635411692    0.751877427343436
7    0.698712668065253    0.717428988527579
8    0.667874455300902    0.684524852360156
9    0.638364192459232    0.65309738343625
10    0.610126435558819    0.623081852689722
11    0.583108007930989    0.59441631699927
12    0.557257909319277    0.567041503131649
13    0.532527227674054    0.540900695873236
14    0.508869053841673    0.516659758401119
15    0.486238399296111    0.493853111792848
16    0.46459211700347    0.472105044797229
17    0.443888825435544    0.451366861058506
18    0.424088835671937    0.431591483152547
19    0.405154081471648    0.41273358505023
20    0.387048052166936    0.394749663981086
21    0.369735728237319    0.377598067698781
22    0.353183519452476    0.36123898957943
23    0.337359205514765    0.345634440963128
24    0.322271517454263    0.330748207742244
25    0.307874733310989    0.316545796352387
26    0.294111044779539    0.302994372939753
27    0.280953532311879    0.290062698460117
28    0.268376367193538    0.277721061718091
29    0.25635476764465    0.265941211806708
30    0.2448649571139    0.25469629100192
31    0.233884124627397    0.243960768864823
32    0.223390387046988    0.233710378078571
33    0.2133627530926    0.223922052377379
34    0.203781088988974    0.214573866797711
35    0.194626085606573    0.205644980386419
36    0.18587922697816    0.197115581429694
37    0.177522760085077    0.188966835214409
38    0.169539665819887    0.18118083429541
39    0.161913631043951    0.173740551215265
40    0.154629021669484    0.166629793604109
41    0.14767085670536    0.159833161574778
42    0.141024783214409    0.153336007320603
43    0.134677052137181    0.147124396819009
44    0.128614494943244    0.141185073542437
45    0.122824501076167    0.135505424078352
46    0.117294996162447    0.130073445561769
47    0.11201442095804    0.124877714826273
48    0.106971711008855    0.119907359182767
49    0.102156277003707    0.11515202873879
50    0.0975579857999167    0.110601870175136
51    0.0931671421030625    0.106247501900467
52    0.0889744707833791    0.102079990508608
53    0.084971099812081    0.098090828467161
54    0.081148543801449    0.0942719129698986
55    0.0774986881329552    0.0906155258891186
56    0.0740137736580166    0.0871143147677071
57    0.0706863819562078    0.0837612747940464
58    0.0675094211359467    0.0805497317061397
59    0.0644761121628117    0.0774733255743909
60    0.0615799757007724    0.0745259954153692
61    0.0588148194517307    0.0717019645916208
62    0.0561747259788813    0.0689957269551711
63    0.0536540409995192    0.0664020336947793
64    0.0512473621330525    0.0639158808492915
65    0.0489495280901165    0.0615324974515856
66    0.0467556082888498    0.0592473342696133
67    0.0446608928845618    0.0570560531129432
68    0.042660883199217    0.0549545166749877
69    0.0407512825373679    0.0529387788827729
70    0.0389279873753909    0.0510050757276777
71    0.0371870789111207    0.0491498165520559
72    0.0355248149612304    0.0473695757680356
73    0.033937622193965    0.0456610849861048
74    0.0324220886851163    0.0440212255323186
75    0.0309749567854041    0.0424470213341208
76    0.0295931162877247    0.040935632155862
77    0.02827359788302    0.0394843471661226
78    0.0270135668938244    0.0380905788199131
79    0.0258103172748487    0.0367546347601331
80    0.024661265870268    0.0355052729025982
81    0.0235646906506631    0.0343036935549381
82    0.0225192932208856    0.0331479009551726
83    0.0215207670246008    0.0320359876967926
84    0.0205669884789298    0.0309661306725918
85    0.0196559302320073    0.0299365872091543
86    0.0187856568551544    0.0289456913828775
87    0.0179543207222491    0.0279918505088502
88    0.0171601580686536    0.0270735417943269
89    0.0164014852223318    0.0261893091489416
90    0.0156766950000462    0.0253377601441852
91    0.0149842532617891    0.0245175631150318
92    0.0143226956168468    0.0237274443969441
93    0.013690624275147    0.0229661856918175
94    0.0130867050377735    0.0222326215567318
95    0.0125096644207666    0.0215256370096766
96    0.0119582869065525    0.0208441652466979
97    0.0114314123175646    0.0201871854651835
98    0.0109279333068304    0.0195537207882547
99    0.0104467929605053    0.0189428362854789
100    0.00998698250753172    0.0183536370853463
101    0.00954753913179651    0.0177852665751727
102    0.00912754388234449    0.0172369046842973
103    0.00872611967738701    0.016707766246649
104    0.00834242939801688    0.0161970994389332
105    0.00797567406771005    0.0157041842908802
106    0.00762509111385601    0.0152283312641603
107    0.00728995270771204    0.0147688798967378
108    0.00696956417933181    0.0143251975095841
109    0.00666326250415739    0.0138966779728265
110    0.00637041485810863    0.0134827405285394
111    0.00609041723813264    0.0130828286675235
112    0.00582269314530814    0.0126964090575439
113    0.00556669232772333    0.0123229705206171
114    0.00532188958046154    0.0119620230570546
115    0.00508778360014828    0.0116130969140734
116    0.00486389589161729    0.0112757416968984
117    0.00464976972436471    0.0109495255203675
118    0.00444496913655579    0.0106340341991551
119    0.00424907798445018    0.0103288704748132
120    0.0040616990352017    0.0100336532779162
121    0.00388245310107982    0.00974801702367634
122    0.00371097821324418    0.00947161093947546
123    0.00354692883328867    0.0092040984228291
124    0.00338997510084316    0.00894515642837246
125    0.00323980211560604    0.00869447488252151
126    0.00309610925224435    0.00845175612452809
127    0.00295860950667148    0.00821671437270644
128    0.00282702887228037    0.00798907521466796
129    0.00270110574476701    0.00776857512045492
130    0.00258059035424685    0.00755496097751407
131    0.00246524422342131    0.00734798964650496
132    0.00235483965060612    0.00714742753698205
133    0.00224915921648972    0.00695574802756938
134    0.00214799531353693    0.00677297473975214
135    0.00205114969700604    0.00659558274200567
136    0.0019584330565886    0.00642339332435771
137    0.00186966460773286    0.00625623443335999
138    0.00178467170174612    0.00609394040044919
139    0.00170328945381881    0.00593635168209006
140    0.00162536038814765    0.00578331461116932
141    0.00155073409937645    0.00563468115913757
142    0.00147926692960232    0.0054903087084156
143    0.00141082166023743    0.00535005983460624
144    0.0013452672180404    0.00521380209807221
145    0.00128247839466944    0.0050814078444622
146    0.00122233557913376    0.00495275401378403
147    0.00116472450255212    0.00482772195764347
148    0.00110953599465147    0.00470619726428623
149    0.00105666575146446    0.0045880695910937
150    0.00100601411371459    0.00447323250420129
151    0.000957485855391016    0.0043615833249232
152    0.000910989982049415    0.00425302298268093
153    0.000866439538386388    0.00414745587414711
154    0.000823751424663621    0.004044789728329
155    0.000782846221571654    0.00394493547733066
156    0.000743648023145527    0.00384780713253874
157    0.000706084277359187    0.00375332166599784
158    0.000670085634047579    0.00366139889674233
159    0.000635753378766868    0.00357196138186766
160    0.000602891694696517    0.00348493431213515
161    0.00057139483304991    0.00340024541190698
162    0.000541205334790296    0.00331782484322474
163    0.000512268257094717    0.00323760511384918
164    0.000484531059956939    0.00315952098908767
165    0.000457943497978008    0.00308350940724422
166    0.000432457517107077    0.00300950939853506
167    0.000408027156105217    0.00293746200731704
168    0.000384608452513202    0.00286731021748643
169    0.000362159352917835    0.00279899888091106
170    0.000340639627318562    0.00273247464876236
171    0.000320010787404512    0.00266768590562416
172    0.000300236008564658    0.00260458270625674
173    0.000281280055456357    0.00254311671490348
174    0.000263109210970502    0.00248324114702903
175    0.000245691208437093    0.00242491071338558
176    0.000228995166920098    0.0023680815663073
177    0.000213219328361047    0.00231271124813859
178    0.000198117908181472    0.00225875864170222
179    0.000183642580699583    0.00220618392272554
180    0.000169767875070947    0.00215494851413545
181    0.000156469404043569    0.00210501504214811
182    0.000143723815989261    0.00205634729407389
183    0.000131508749110054    0.00200891017776816
184    0.00011995993805014    0.00196266968265457
185    0.00010903511313276    0.00191759284225956
186    9.85660836980706E-05    0.00187364769819076
187    8.85345640584401E-05    0.00183080326549989
188    7.89921974839736E-05    0.00178902949937476
189    7.01317009088598E-05    0.00174829726310077
190    6.1642874323975E-05    0.0017085782972428
191    5.35950083472292E-05    0.00166984518999491
192    4.62020472246083E-05    0.00163207134865029
193    3.91207100748359E-05    0.00159523097214587
194    3.27523270393648E-05    0.00155929902463492
195    2.6718141096671E-05    0.00152425121004884
196    2.13949120937418E-05    0.00149006394760542
197    2.39013872154192E-05    0.00145671434822503
198    2.80544702152552E-05    0.00142470182742205
199    3.21826981908302E-05    0.00139358239358561
200    3.63831667469228E-05    0.00136320315092187
201    4.05507190318621E-05    0.00133354527103158
202    4.47041364634027E-05    0.00130459044208514
203    4.87200077660122E-05    0.00127632085320278
204    5.27738596689531E-05    0.00124871917936464
205    5.66393785057517E-05    0.00122176856682932
206    6.03709755514492E-05    0.00119545261904241
207    6.40971091444564E-05    0.00116975538301745
208    6.76468067978275E-05    0.00114466133616919
209    7.10269118526785E-05    0.00112015537358573
210    7.4243994150236E-05    0.00109622279571997
211    7.74483238800139E-05    0.0010728492964871
212    8.05086038112579E-05    0.001050020951752
213    8.3417631194016E-05    0.00102772420819269
214    8.6181235911309E-05    0.00100594587252623
215    8.88050178674549E-05    0.000984673101083078
216    9.12943566411251E-05    0.000963893389718362
217    9.36544207140733E-05    0.000943594564047245
218    9.59508845453927E-05    0.000923764769992175
219    9.81606731413898E-05    0.000904392464632031
220    0.000100251601273138    0.000885466407341773
221    0.000102228222818468    0.000866975651212076
222    0.000104094915307051    0.000848909534738929
223    0.000105855887199691    0.000831257673774455
224    0.00010751518485097    0.000814009953729045
225    0.000109076699166932    0.000797156522015841
226    0.00011054417197498    0.000780687780729927
227    0.00011192120211545    0.000764594379553674
228    0.000113211251269951    0.0007488672088794
229    0.000114417649537235    0.0007334973931441
230    0.000115543600768486    0.000718476284366554
231    0.000116592187672127    0.000703795455881728
232    0.000117566376699019    0.000689446696264362
233    0.000118469022718726    0.000675422003436621
234    0.000119302873493932    0.000661713578952283
235    0.000120089459336059    0.000648313822452617
236    0.000120831591612136    0.000635215326287575
237    0.000121511046902056    0.000622410870297019
238    0.000122130239555984    0.000609893416746554
239    0.000122691494485627    0.00059765610541257
240    0.000123197050691193    0.000585692248812664
241    0.000123649064639686    0.000573995327575294
242    0.000124049613500876    0.000562558985944706
243    0.000124400698247262    0.000551377027417033
244    0.000124704246623697    0.000540443410502855
245    0.000124962115993776    0.000529752244612103
246    0.000125176096065216    0.000519297786058137
247    0.000125347911504536    0.000509074434176027
248    0.000125479224440839    0.00049907672755195
249    0.000125571636867106    0.000489299340360738
250    0.00012562669294125    0.000479737078807108
251    0.000125645881193237    0.000470384877667929
252    0.000125630636641061    0.000461237796932246
253    0.000125582342819452    0.000452291018535944
254    0.00012550233372588    0.000443539843188234
255    0.000125391895687832    0.000434979687287007
256    0.00012525226915272    0.000426606079919734
257    0.000125084650406171    0.000418414659949129
258    0.000124890193220595    0.000410401173178143
259    0.000124670010436589    0.00040256146959472
260    0.000124425175481835    0.000394891500692052
261    0.000124156723827484    0.000387387316862053
262    0.000123865654387822    0.000380045064861445
263    0.000123552930862969    0.000372860985346446
264    0.000123219483028625    0.000365831410474859
265    0.000122866207974637    0.000358952761573494
266    0.000122493971294158    0.000352221546869091
267    0.000122103608226731    0.000345634359280145
268    0.000121695924755527    0.000339187874269176
269    0.000121271698662273    0.000332907218816209
270    0.000120831680540112    0.000326889472272829
271    0.000120376594768379    0.00032099719579412
272    0.000119907140448072    0.000315227552870362
273    0.000119423992302248    0.000309577773926761
274    0.000118927801540769    0.000304045154697924
275    0.000118419196692088    0.000298627054642925
276    0.000117898784403825    0.000293320895400323
277    0.000117367150212044    0.000288124159281256
278    0.000116824859281106    0.000283034387800751
279    0.00011627245711554    0.000278049180245349
280    0.000115710470246277    0.000273166192276492
281    0.000115139406888565    0.000268383134568645
282    0.000114559757577126    0.000263697771481275
283    0.000113971995777007    0.000259107919763801
284    0.000113376578471436    0.000254611447292663
285    0.000112773946727818    0.000250206271839776
286    0.000112164526242742    0.000245890359871298
287    0.000111548727867117    0.000241661725376152
288    0.0001109269481121    0.000237518428723632
289    0.000110299569635708    0.000233458575549073
290    0.000109666961712107    0.000229480315666997
291    0.000109029480684475    0.00022558184201088
292    0.000108387470400095    0.000221761389599534
293    0.000107741262630467    0.000218017234528189
294    0.000107091177476648    0.000214347692985034
295    0.000106437523759051    0.000210751120291258
296    0.000105780599394256    0.00020722590996522
297    0.00010512069175761    0.00020377049280923
298    0.000104458078033498    0.000200383336018656
299    0.000103793025553078    0.00019706294231292
300    0.000103125792119574    0.000193807849087957
301    0.000102456626323022    0.000190616627588763
302    0.000101785767843476    0.000187487882102877
303    0.000101113447743328    0.000184420249173006
304    0.000100439888750303    0.000181412396829062
305    9.97653055296865E-05    0.000178463023838754
306    9.90899049478911E-05    0.000175570858976709
307    9.84138863268091E-05    0.000172734660311064
308    9.77374416888388E-05    0.00016995321450744
309    9.70607559943604E-05    0.000167225336149962
310    9.63840073704425E-05    0.000164549867078728
311    9.57073673325537E-05    0.000161925675743191
312    9.50310009978361E-05    0.000159351656571355
313    9.43550672916071E-05    0.000156826729354326
314    9.36797191473104E-05    0.000154349838645484
315    9.30051036993618E-05    0.000151919953174456
316    9.23313624695554E-05    0.000149536065275124
317    9.16586315466983E-05    0.000147279409433251
318    9.09870417622471E-05    0.000145064372602199
319    9.03167188572862E-05    0.000142889704431284
320    8.96477836465071E-05    0.000140754562160894
321    8.89803521759713E-05    0.000138658121948493
322    8.83145358743231E-05    0.000136599578430263
323    8.76504417013368E-05    0.000134578144293379
324    8.69881722903587E-05    0.000132593049858146
325    8.63278260860856E-05    0.000130643542670006
326    8.56694974782357E-05    0.00012872888710079
327    8.50132769312228E-05    0.000126848363959708
328    8.43592511081681E-05    0.000125001270112987
329    8.37075029933576E-05    0.000123186918112778
330    8.30581120084828E-05    0.000121404635834613
331    8.24111541264383E-05    0.000119653766123148
332    8.1766701981234E-05    0.000117933666446565
333    8.11248249744656E-05    0.000116243708558617
334    8.04855893778988E-05    0.000114583278169017
335    7.98490584338341E-05    0.000112951774621173
336    7.92152924511402E-05    0.000111348610577669
337    7.8584348899513E-05    0.000109773211713016
338    7.7956282499736E-05    0.000108225016413679
339    7.73311453112768E-05    0.000106703475484998
340    7.67089868178861E-05    0.000105208051865036
341    7.60898540101973E-05    0.000103738220345109
342    7.54737914649972E-05    0.000102293467296816
343    7.48608414229412E-05    0.000100873290405562
344    7.42510438638266E-05    9.94771984101778E-05
