x    u(x)
0    0.396606250427544
0.00499999988824129    0.410557679259192
0.00999999977648258    0.423181454239065
0.0149999996647239    0.434603918781716
0.0199999995529652    0.444939393853274
0.0249999985098839    0.45429132075921
0.0299999974668026    0.462753301964231
0.0349999964237213    0.47041003243951
0.03999999538064    0.477338149509924
0.0449999943375587    0.483606999997182
0.0499999932944775    0.489279334359635
0.0549999922513962    0.494411934775977
0.0599999912083149    0.499056183458881
0.0649999901652336    0.503258576886463
0.0699999928474426    0.507061193792082
0.0749999955296516    0.510502107587232
0.0799999982118607    0.513615776493531
0.0850000008940697    0.516433384953512
0.0900000035762787    0.51898315552891
0.0950000062584877    0.52129063111788
0.100000008940697    0.523378930315698
0.105000011622906    0.525268978474651
0.110000014305115    0.52697971677567
0.115000016987324    0.528528291404152
0.120000019669533    0.529930224723316
0.125000014901161    0.531199568359089
0.13000001013279    0.532349049081948
0.135000005364418    0.533390189489795
0.140000000596046    0.534333424942663
0.144999995827675    0.535188207383844
0.149999991059303    0.535963099281138
0.154999986290932    0.536665858628416
0.15999998152256    0.537303515858223
0.164999976754189    0.537882443435188
0.169999971985817    0.538408418826751
0.174999967217445    0.538886681481433
0.179999962449074    0.539321984384922
0.184999957680702    0.539718640709945
0.189999952912331    0.540080566026822
0.194999948143959    0.540411316497168
0.199999943375587    0.54071412343297
0.204999938607216    0.540991924566954
0.209999933838844    0.541247392347174
0.214999929070473    0.541482959539021
0.219999924302101    0.541700842390884
0.22499991953373    0.5419030615953
0.229999914765358    0.542091461255404
0.234999909996986    0.542267726046463
0.239999905228615    0.542433396744301
0.244999900460243    0.542589884275973
0.249999895691872    0.542738482433367
0.254999905824661    0.54288037979094
0.25999990105629    0.543016668443521
0.264999896287918    0.543148355957225
0.269999891519547    0.543276372184094
0.274999886751175    0.54340157740559
0.279999881982803    0.543524769309959
0.284999877214432    0.543646689305618
0.28999987244606    0.543768028233741
0.294999867677689    0.543889431537223
0.299999862909317    0.544011503937749
0.304999858140945    0.544134813667787
0.309999853372574    0.54425989629985
0.314999848604202    0.544387258211355
0.319999843835831    0.544517379719761
0.324999839067459    0.544650717919356
0.329999834299088    0.544787709248093
0.334999829530716    0.544928771810152
0.339999824762344    0.545074307477488
0.344999819993973    0.545224703791391
0.349999815225601    0.545380335683078
0.35499981045723    0.545541567030565
0.359999805688858    0.54570875206737
0.364999800920486    0.545882236657168
0.369999796152115    0.546062359447143
0.374999791383743    0.546249452911587
0.379999786615372    0.546443844296182
0.384999781847    0.546645856472431
0.389999777078629    0.546855808710768
0.394999772310257    0.547074017380107
0.399999767541885    0.547300796580814
0.404999762773514    0.547536458717447
0.409999758005142    0.547781315016988
0.414999753236771    0.548035675997768
0.419999748468399    0.548299851893755
0.424999743700027    0.548574153038477
0.429999738931656    0.548858890212407
0.434999734163284    0.549154374957284
0.439999729394913    0.549460919860529
0.444999724626541    0.549778838812594
0.44999971985817    0.550108447239823
0.454999715089798    0.550450062315142
0.459999710321426    0.550804003148719
0.464999705553055    0.551170590960459
0.469999700784683    0.551550149236103
0.474999696016312    0.551943003868456
0.47999969124794    0.552349483285189
0.484999686479568    0.552769918564466
0.489999681711197    0.553204643539582
0.494999676942825    0.553653994893631
0.499999672174454    0.55411831224517
0.504999697208405    0.554597941130839
0.509999692440033    0.555093221549416
0.514999687671661    0.555604505174972
0.51999968290329    0.55613214407274
0.524999678134918    0.556676493563907
0.529999673366547    0.557237912272628
0.534999668598175    0.557816762168561
0.539999663829803    0.558413408605366
0.544999659061432    0.559028220355526
0.54999965429306    0.559661569641864
0.554999649524689    0.560313832166059
0.559999644756317    0.560985387134446
0.564999639987946    0.561676617281363
0.569999635219574    0.562387908890273
0.574999630451202    0.563119651812882
0.579999625682831    0.563872239486433
0.584999620914459    0.564646068949353
0.589999616146088    0.565441540855417
0.594999611377716    0.566259059486558
0.599999606609344    0.56709903276446
0.604999601840973    0.56796187226105
0.609999597072601    0.568847993207989
0.61499959230423    0.569757814505261
0.619999587535858    0.570691758728944
0.624999582767487    0.57165025213824
0.629999577999115    0.572633724681839
0.634999573230743    0.57364261000368
0.639999568462372    0.574677345448153
0.644999563694    0.575738372064816
0.649999558925629    0.576826134612661
0.654999554157257    0.577941081563973
0.659999549388886    0.579083665107819
0.664999544620514    0.580254341153211
0.669999539852142    0.581453569331961
0.674999535083771    0.582681813001274
0.679999530315399    0.583939539246081
0.684999525547028    0.585227218881164
0.689999520778656    0.586545326453067
0.694999516010284    0.587894340241833
0.699999511241913    0.589274742262572
0.704999506473541    0.590687018266882
0.70999950170517    0.592131657744129
0.714999496936798    0.593609153922617
0.719999492168427    0.595120003770634
0.724999487400055    0.596664707997403
0.729999482631683    0.598243771053948
0.734999477863312    0.599857701133869
0.73999947309494    0.601507010174049
0.744999468326569    0.603192213855291
0.749999463558197    0.604913831602896
0.754999458789825    0.606672386587183
0.759999454021454    0.608468405723966
0.764999449253082    0.610302419674975
0.769999444484711    0.612174962848252
0.774999439716339    0.614086573398492
0.779999434947968    0.616037793227365
0.784999430179596    0.6180291679838
0.789999425411224    0.620061247064249
0.794999420642853    0.622134583612914
0.799999415874481    0.624249734521968
0.80499941110611    0.62640726043174
0.809999406337738    0.628607725730891
0.814999401569366    0.630851698556575
0.819999396800995    0.633139750794576
0.824999392032623    0.63547245807944
0.829999387264252    0.637850399794591
0.83499938249588    0.640274159072434
0.839999377727509    0.642744322794456
0.844999372959137    0.645261481591304
0.849999368190765    0.647826229842874
0.854999363422394    0.65043916567837
0.859999358654022    0.653100890976377
0.864999353885651    0.655812011364915
0.869999349117279    0.658573136221489
0.874999344348907    0.661384878673144
0.879999339580536    0.664247855596499
0.884999334812164    0.667162687617793
0.889999330043793    0.670129999112913
0.894999325275421    0.673150418207433
0.89999932050705    0.676224576776639
0.904999315738678    0.679353110445554
0.909999310970306    0.682536658588965
0.914999306201935    0.685775864331441
0.919999301433563    0.689071374547352
0.924999296665192    0.692423839860892
0.92999929189682    0.695833914646087
0.934999287128448    0.699302257026815
0.939999282360077    0.702829528876816
0.944999277591705    0.706416395819706
0.949999272823334    0.710063527228983
0.954999268054962    0.713771596228044
0.959999263286591    0.717541279690186
0.964999258518219    0.721373258238618
0.969999253749847    0.72526821624647
0.974999248981476    0.729226841836792
0.979999244213104    0.733249826882569
0.984999239444733    0.737337867006718
0.989999234676361    0.7414916615821
0.99499922990799    0.745711913731519
0.999999225139618    0.749999330327727
