iteration    errorX    errorY
0    0.195090322016129    0.195090322016129
1    0.184450275011363    0.184450275011363
2    0.174321584922862    0.174321584922862
3    0.164681458410137    0.164681458410137
4    0.155508062934497    0.155508062934497
5    0.146780485852675    0.146780485852675
6    0.138478695018395    0.138478695018395
7    0.130583501171858    0.130583501171858
8    0.123076522313657    0.123076522313657
9    0.115940546120634    0.115940546120634
10    0.10915958652931    0.10915958652931
11    0.102718646183205    0.102718646183205
12    0.096603421474351    0.096603421474351
13    0.0909526287580228    0.0909526287580228
14    0.0855929724180771    0.0855929724180771
15    0.0805013398411409    0.0805013398411409
16    0.0756661681380726    0.0756661681380726
17    0.0710762529307392    0.0710762529307392
18    0.0667207309405886    0.0667207309405886
19    0.0625890752430885    0.0625890752430885
20    0.0586710969735388    0.0586710969735388
21    0.0549569493335885    0.0549569493335885
22    0.0514371314002124    0.0514371314002124
23    0.048102490414431    0.048102490414431
24    0.0449442219981283    0.0449442219981283
25    0.0419538682149138    0.0419538682149138
26    0.0391233136470632    0.0391233136470632
27    0.0364447797803789    0.0364447797803789
28    0.0339108180243508    0.0339108180243508
29    0.0315143016815376    0.0315143016815376
30    0.0293253035574328    0.0293253035574328
31    0.0272642208969891    0.0272642208969891
32    0.0253133708377958    0.0253133708377958
33    0.0234674231226208    0.0234674231226208
34    0.0217212766215639    0.0217212766215639
35    0.0200700523744859    0.0200700523744859
36    0.0185090865215506    0.0185090865215506
37    0.0170339231665882    0.0170339231665882
38    0.0156917182268157    0.0156917182268157
39    0.0144605560456374    0.0144605560456374
40    0.0132959553709784    0.0132959553709784
41    0.0121947028838374    0.0121947028838374
42    0.0111692750951262    0.0111692750951262
43    0.0102835936030776    0.0102835936030776
44    0.00944485206508972    0.00944485206508972
45    0.00868322651366026    0.00868322651366026
46    0.00803812589500243    0.00803812589500243
47    0.00744332787613998    0.00744332787613998
48    0.00697628226181399    0.00697628226181399
49    0.00657591559497755    0.00657591559497755
50    0.00626650002139946    0.00626650002139946
51    0.00606144994768404    0.00606144994768404
52    0.00591659169136671    0.00591659169136671
53    0.00585563458428758    0.00585563458428758
54    0.00586619583575708    0.00586619583575708
55    0.00590169102286923    0.00590169102286923
56    0.0060139515152197    0.0060139515152197
57    0.00612052692326381    0.00612052692326381
58    0.00627982583737749    0.00627982583737749
59    0.00642053029431425    0.00642053029431425
60    0.00658398581512026    0.00658398581512026
61    0.00674906269211711    0.00674906269211711
62    0.00689510325761869    0.00689510325761869
63    0.00702475706478142    0.00702475706478142
64    0.00717823175478768    0.00717823175478768
65    0.00731335110396059    0.00731335110396059
66    0.00743122629816453    0.00743122629816453
67    0.00753291049010446    0.00753291049010446
68    0.00761940165914593    0.00761940165914593
69    0.00769164533816358    0.00769164533816358
70    0.00776039063579428    0.00776039063579428
71    0.00782964752951987    0.00782964752951987
72    0.00788580598742991    0.00788580598742991
73    0.00792969025375145    0.00792969025375145
74    0.00796208153959296    0.00796208153959296
75    0.00798372012596946    0.00798372012596946
76    0.00799530736886062    0.00799530736886062
77    0.00799750761045609    0.00799750761045609
78    0.00799095000060809    0.00799095000060809
79    0.00797623023238211    0.00797623023238211
80    0.00795391219546121    0.00795391219546121
81    0.00792452955103104    0.00792452955103104
82    0.00788858723163954    0.00788858723163954
83    0.00784656286939664    0.00784656286939664
84    0.00779890815575285    0.00779890815575285
85    0.00774605013596877    0.00774605013596877
86    0.00768839244126593    0.00768839244126593
87    0.00762631646152867    0.00762631646152867
88    0.00756022182925836    0.00756022182925836
89    0.007497507131451    0.007497507131451
90    0.00743098756048369    0.00743098756048369
91    0.0073609840875829    0.0073609840875829
92    0.00728779984278041    0.00728779984278041
93    0.00721172100287937    0.00721172100287937
94    0.00713301763700358    0.00713301763700358
95    0.00705194451169194    0.00705194451169194
96    0.00696874185741256    0.00696874185741256
97    0.00688363609829248    0.00688363609829248
98    0.00679684054677931    0.00679684054677931
99    0.00670855606487539    0.00670855606487539
100    0.00661897169351297    0.00661897169351297
101    0.0065282652515683    0.0065282652515683
102    0.00643660390594539    0.00643660390594539
103    0.00634414471409542    0.00634414471409542
104    0.00625103514027606    0.00625103514027606
105    0.00615741354679436    0.00615741354679436
106    0.00606340966142155    0.00606340966142155
107    0.00596914502211096    0.00596914502211096
108    0.00587473340010033    0.00587473340010033
109    0.00578028120242771    0.00578028120242771
110    0.00568588785484303    0.00568588785484303
111    0.00559164616605162    0.00559164616605162
112    0.00549764267418126    0.00549764267418126
113    0.00540395797632384    0.00540395797632384
114    0.00531066704196057    0.00531066704196057
115    0.00521783951104363    0.00521783951104363
116    0.00512553997746934    0.00512553997746934
117    0.00503382825864301    0.00503382825864301
118    0.0049427596518031    0.0049427596518031
119    0.00485238517773995    0.00485238517773995
120    0.00476275181251473    0.00476275181251473
121    0.0046739027077545    0.0046739027077545
122    0.00458587740007263    0.00458587740007263
123    0.00449871201013741    0.00449871201013741
124    0.00441243943188593    0.00441243943188593
125    0.00432708951235802    0.00432708951235802
126    0.00424268922260088    0.00424268922260088
127    0.00415926282007384    0.00415926282007384
128    0.0040768320029633    0.0040768320029633
129    0.00399541605679607    0.00399541605679607
130    0.00391503199372276    0.00391503199372276
131    0.00383569468482367    0.00383569468482367
132    0.00375741698577381    0.00375741698577381
133    0.00368020985618658    0.00368020985618658
134    0.00360408247294089    0.00360408247294089
135    0.00352904233778165    0.00352904233778165
136    0.00345509537947017    0.00345509537947017
137    0.00338224605074666    0.00338224605074666
138    0.00331049742035586    0.00331049742035586
139    0.00323985126037338    0.00323985126037338
140    0.0031703081290603    0.0031703081290603
141    0.00310186744946159    0.00310186744946159
142    0.00303452758395426    0.00303452758395426
143    0.002968285904941    0.002968285904941
144    0.00290313886187574    0.00290313886187574
145    0.00283908204479874    0.00283908204479874
146    0.00277611024455035    0.00277611024455035
147    0.00271421750982417    0.00271421750982417
148    0.00265339720121338    0.00265339720121338
149    0.00259364204239543    0.00259364204239543
150    0.00253494416859498    0.00253494416859498
151    0.00247729517245684    0.00247729517245684
152    0.00242068614745544    0.00242068614745544
153    0.00236510772896018    0.00236510772896018
154    0.0023105501330718    0.0023105501330718
155    0.0022570031933383    0.0022570031933383
156    0.00220445639545366    0.00220445639545366
157    0.00215289891003922    0.00215289891003922
158    0.00210231962360033    0.00210231962360033
159    0.00205270716774927    0.00205270716774927
160    0.00200404994677866    0.00200404994677866
161    0.0019563361636673    0.0019563361636673
162    0.00190955384459554    0.00190955384459554
163    0.00186369086204383    0.00186369086204383
164    0.00181873495654492    0.00181873495654492
165    0.00177942470475209    0.00177942470475209
166    0.00174731526090866    0.00174731526090866
167    0.00171574841322514    0.00171574841322514
168    0.00168529272427323    0.00168529272427323
169    0.00165539253530211    0.00165539253530211
170    0.00162599564709906    0.00162599564709906
171    0.00159709643600003    0.00159709643600003
172    0.00156868917684425    0.00156868917684425
173    0.0015407680547827    0.0015407680547827
174    0.00151332717641439    0.00151332717641439
175    0.00148636058028265    0.00148636058028265
176    0.00145986224676375    0.00145986224676375
177    0.00143382610737744    0.00143382610737744
178    0.00140824605354772    0.00140824605354772
179    0.00138311594484172    0.00138311594484172
180    0.00135842961671206    0.00135842961671206
181    0.0013341808877676    0.0013341808877676
182    0.00131036356659606    0.00131036356659606
183    0.00128697145816109    0.00128697145816109
184    0.00126399836979471    0.00126399836979471
185    0.00124143811680633    0.00124143811680633
186    0.00121928452772652    0.00121928452772652
187    0.0011975314492052    0.0011975314492052
188    0.00117617275058104    0.00117617275058104
189    0.00115520232813932    0.00115520232813932
190    0.00113461410907362    0.00113461410907362
191    0.0011144020551675    0.0011144020551675
192    0.00109456016620971    0.00109456016620971
193    0.0010750824831571    0.0010750824831571
194    0.00105596309105893    0.00105596309105893
195    0.00103719612175379    0.00103719612175379
196    0.00101877575635284    0.00101877575635284
197    0.0010006962275188    0.0010006962275188
198    0.000982951821553113    0.000982951821553113
199    0.000965536880300849    0.000965536880300849
200    0.000948445802883002    0.000948445802883002
201    0.000931673047266129    0.000931673047266129
202    0.000915213131677667    0.000915213131677667
203    0.00089906063587572    0.00089906063587572
204    0.000883210202281215    0.000883210202281215
205    0.000867656536980399    0.000867656536980399
206    0.000852394410604279    0.000852394410604279
207    0.000837418659093092    0.000837418659093092
208    0.000822724184351364    0.000822724184351364
209    0.000808305954800109    0.000808305954800109
210    0.000794159005832795    0.000794159005832795
211    0.000780278440179971    0.000780278440179971
212    0.000766659428188349    0.000766659428188349
213    0.000753297208019393    0.000753297208019393
214    0.00074018708577267    0.00074018708577267
215    0.000727324435537885    0.000727324435537885
216    0.00071470469938073    0.00071470469938073
217    0.000702323387266474    0.000702323387266474
218    0.000690176076925342    0.000690176076925342
219    0.000678258413663313    0.000678258413663313
220    0.000666566110122169    0.000666566110122169
221    0.000655094945992279    0.000655094945992279
222    0.000643840767680981    0.000643840767680981
223    0.000632799487940011    0.000632799487940011
224    0.000621967085455172    0.000621967085455172
225    0.000611339604399908    0.000611339604399908
226    0.000600913153956967    0.000600913153956967
227    0.000590683907809308    0.000590683907809308
228    0.000580648103603476    0.000580648103603476
229    0.000570802042387242    0.000570802042387242
230    0.000561142088024075    0.000561142088024075
231    0.000551664666585738    0.000551664666585738
232    0.000542366265725902    0.000542366265725902
233    0.000533243434035491    0.000533243434035491
234    0.000524292780382463    0.000524292780382463
235    0.000515510973237099    0.000515510973237099
236    0.000506894739984332    0.000506894739984332
237    0.000498440866224664    0.000498440866224664
238    0.000490146195065239    0.000490146195065239
239    0.000482126472864081    0.000482126472864081
240    0.000474395850945192    0.000474395850945192
241    0.000466806960585459    0.000466806960585459
242    0.0004593570801395    0.0004593570801395
243    0.00045204353691633    0.00045204353691633
244    0.000444863706539067    0.000444863706539067
245    0.000437815012299864    0.000437815012299864
246    0.00043089492451176    0.00043089492451176
247    0.000424100959857343    0.000424100959857343
248    0.000417430680735881    0.000417430680735881
249    0.000410881694608983    0.000410881694608983
250    0.00040445165334585    0.00040445165334585
251    0.000398138252568542    0.000398138252568542
252    0.000391939230998034    0.000391939230998034
253    0.000385852369801459    0.000385852369801459
254    0.000379875491941184    0.000379875491941184
255    0.000374006461526161    0.000374006461526161
256    0.000368243183166084    0.000368243183166084
257    0.000362583601328431    0.000362583601328431
258    0.000357025699699476    0.000357025699699476
259    0.000351567500548849    0.000351567500548849
260    0.000346207064098686    0.000346207064098686
261    0.000340942487896984    0.000340942487896984
262    0.000335771906196297    0.000335771906196297
263    0.000330693489337119    0.000330693489337119
264    0.000325705443137037    0.000325705443137037
265    0.000320806008285185    0.000320806008285185
266    0.000315993459742786    0.000315993459742786
267    0.000311266106149621    0.000311266106149621
268    0.000306622289236613    0.000306622289236613
269    0.000302060383244734    0.000302060383244734
270    0.000297578794350745    0.000297578794350745
271    0.000293175960099035    0.000293175960099035
272    0.000288850348840519    0.000288850348840519
273    0.00028460045917833    0.00028460045917833
274    0.000280424819420366    0.000280424819420366
275    0.000276321987038697    0.000276321987038697
276    0.000272290548136211    0.000272290548136211
277    0.000268329116920318    0.000268329116920318
278    0.000264436335183693    0.000264436335183693
279    0.00026061087179241    0.00026061087179241
280    0.000256851422180959    0.000256851422180959
281    0.00025315670785464    0.00025315670785464
282    0.000249674699281943    0.000249674699281943
283    0.000246253331658369    0.000246253331658369
284    0.000242888131717856    0.000242888131717856
285    0.000239578046560773    0.000239578046560773
286    0.000236322044007919    0.000236322044007919
287    0.000233119112211688    0.000233119112211688
288    0.000229968259273045    0.000229968259273045
289    0.000226868512864464    0.000226868512864464
290    0.000223818919858426    0.000223818919858426
291    0.000220818545961898    0.000220818545961898
292    0.000217866475356515    0.000217866475356515
293    0.000214961810344222    0.000214961810344222
294    0.000212103670999025    0.000212103670999025
295    0.000209291194824185    0.000209291194824185
296    0.000206523536414899    0.000206523536414899
297    0.000203799867126736    0.000203799867126736
298    0.000201119374749675    0.000201119374749675
299    0.000198481263187306    0.000198481263187306
300    0.000195884752141884    0.000195884752141884
301    0.000193329076804388    0.000193329076804388
302    0.000190813487550262    0.000190813487550262
303    0.000188337249640153    0.000188337249640153
304    0.000185899642926035    0.000185899642926035
305    0.000183499961562555    0.000183499961562555
306    0.000181137513723229    0.000181137513723229
307    0.000178811621322134    0.000178811621322134
308    0.000176521619740133    0.000176521619740133
309    0.000174266857556338    0.000174266857556338
310    0.000172046696284373    0.000172046696284373
311    0.000169860510113473    0.000169860510113473
312    0.000167707685654245    0.000167707685654245
313    0.000165587621689112    0.000165587621689112
314    0.000163558446822282    0.000163558446822282
315    0.000161596017913435    0.000161596017913435
316    0.000159661500497871    0.000159661500497871
317    0.000157754420893108    0.000157754420893108
318    0.000155874314462318    0.000155874314462318
319    0.000154020725435855    0.000154020725435855
320    0.00015219320673629    0.00015219320673629
321    0.000150391319806542    0.000150391319806542
322    0.000148614634441158    0.000148614634441158
323    0.000146862728620883    0.000146862728620883
324    0.000145135188350271    0.000145135188350271
325    0.000143431607498329    0.000143431607498329
326    0.000141751587642125    0.000141751587642125
327    0.000140094737913543    0.000140094737913543
328    0.000138460674848823    0.000138460674848823
329    0.000136849022240926    0.000136849022240926
330    0.000135259410994931    0.000135259410994931
331    0.000133691478985953    0.000133691478985953
332    0.000132144870920087    0.000132144870920087
333    0.000130619238197793    0.000130619238197793
334    0.000129114238780037    0.000129114238780037
335    0.000127629537057167    0.000127629537057167
336    0.00012616480372013    0.00012616480372013
337    0.000124719715634269    0.000124719715634269
338    0.000123293955715864    0.000123293955715864
339    0.000121887212810562    0.000121887212810562
340    0.000120499181574779    0.000120499181574779
341    0.000119129562359127    0.000119129562359127
342    0.000117778061094226    0.000117778061094226
343    0.000116498957014266    0.000116498957014266
344    0.000115240548617376    0.000115240548617376
345    0.000113997480388137    0.000113997480388137
346    0.000112769530136281    0.000112769530136281
347    0.000111556479485103    0.000111556479485103
348    0.00011035811379885    0.00011035811379885
349    0.000109174222111597    0.000109174222111597
350    0.000108004597057301    0.000108004597057301
351    0.000106849034801446    0.000106849034801446
352    0.000105707334973795    0.000105707334973795
353    0.00010457930060255    0.00010457930060255
354    0.000103464738049938    0.000103464738049938
355    0.000102363456948598    0.000102363456948598
356    0.00010127527013977    0.00010127527013977
357    0.000100199993612327    0.000100199993612327
358    9.91374464431177E-05    9.91374464431177E-05
359    9.80874507384016E-05    9.80874507384016E-05
360    9.70498315765872E-05    9.70498315765872E-05
361    9.60244169519592E-05    9.60244169519592E-05
362    9.5011037719514E-05    9.5011037719514E-05
363    9.40095275409614E-05    9.40095275409614E-05
364    9.30197228317525E-05    9.30197228317525E-05
365    9.20414627090804E-05    9.20414627090804E-05
366    9.10745889411008E-05    9.10745889411008E-05
367    9.01189458969026E-05    9.01189458969026E-05
368    8.9174380497728E-05    8.9174380497728E-05
369    8.82407421688852E-05    8.82407421688852E-05
370    8.73178827928561E-05    8.73178827928561E-05
371    8.64071920972653E-05    8.64071920972653E-05
372    8.55398600314167E-05    8.55398600314167E-05
373    8.46817314125031E-05    8.46817314125031E-05
374    8.38326976953518E-05    8.38326976953518E-05
375    8.29926518324947E-05    8.29926518324947E-05
376    8.21614882499794E-05    8.21614882499794E-05
377    8.13391028234994E-05    8.13391028234994E-05
378    8.0525392854941E-05    8.0525392854941E-05
379    7.97202570494704E-05    7.97202570494704E-05
380    7.89235954928719E-05    7.89235954928719E-05
381    7.81353096294263E-05    7.81353096294263E-05
382    7.73553022400952E-05    7.73553022400952E-05
383    7.658347742108E-05    7.658347742108E-05
384    7.58197405628797E-05    7.58197405628797E-05
385    7.5063998329572E-05    7.5063998329572E-05
386    7.43161586386071E-05    7.43161586386071E-05
387    7.35761306408234E-05    7.35761306408234E-05
388    7.28438247009355E-05    7.28438247009355E-05
389    7.2119152378286E-05    7.2119152378286E-05
390    7.14020264080267E-05    7.14020264080267E-05
391    7.0692360682495E-05    7.0692360682495E-05
392    6.99900702330752E-05    6.99900702330752E-05
393    6.92950712123108E-05    6.92950712123108E-05
394    6.86072808763344E-05    6.86072808763344E-05
395    6.79266175675902E-05    6.79266175675902E-05
396    6.72530006979449E-05    6.72530006979449E-05
397    6.65863507319925E-05    6.65863507319925E-05
398    6.592658917072E-05    6.592658917072E-05
399    6.52736385354652E-05    6.52736385354652E-05
400    6.46274223521093E-05    6.46274223521093E-05
401    6.39878651356313E-05    6.39878651356313E-05
402    6.33548923748423E-05    6.33548923748423E-05
403    6.2728430517453E-05    6.2728430517453E-05
404    6.21084069553773E-05    6.21084069553773E-05
405    6.14993959748081E-05    6.14993959748081E-05
406    6.09087209674924E-05    6.09087209674924E-05
407    6.03237142133839E-05    6.03237142133839E-05
408    5.97443215073976E-05    5.97443215073976E-05
409    5.91704891555328E-05    5.91704891555328E-05
410    5.86021639703629E-05    5.86021639703629E-05
411    5.80392932665388E-05    5.80392932665388E-05
412    5.74818248562509E-05    5.74818248562509E-05
413    5.69297070448435E-05    5.69297070448435E-05
414    5.63828886263468E-05    5.63828886263468E-05
415    5.58413188791254E-05    5.58413188791254E-05
416    5.53049475614867E-05    5.53049475614867E-05
417    5.47737249073713E-05    5.47737249073713E-05
418    5.42476016220442E-05    5.42476016220442E-05
419    5.37265288778274E-05    5.37265288778274E-05
420    5.3210458309888E-05    5.3210458309888E-05
421    5.26993420119914E-05    5.26993420119914E-05
422    5.21931325323591E-05    5.21931325323591E-05
423    5.16917828695049E-05    5.16917828695049E-05
424    5.11952464681553E-05    5.11952464681553E-05
425    5.07034772151346E-05    5.07034772151346E-05
426    5.02164294353194E-05    5.02164294353194E-05
427    4.97340578876418E-05    4.97340578876418E-05
428    4.92563177610719E-05    4.92563177610719E-05
429    4.87831646706974E-05    4.87831646706974E-05
430    4.83145546537819E-05    4.83145546537819E-05
431    4.78504441658659E-05    4.78504441658659E-05
432    4.7390790076908E-05    4.7390790076908E-05
433    4.69355496674692E-05    4.69355496674692E-05
434    4.64846806248961E-05    4.64846806248961E-05
435    4.60381410395463E-05    4.60381410395463E-05
436    4.55958894010761E-05    4.55958894010761E-05
437    4.5157884594714E-05    4.5157884594714E-05
438    4.47240858975767E-05    4.47240858975767E-05
439    4.42944529750536E-05    4.42944529750536E-05
440    4.38689458771499E-05    4.38689458771499E-05
441    4.34475250349411E-05    4.34475250349411E-05
442    4.30301512570064E-05    4.30301512570064E-05
443    4.26167857258755E-05    4.26167857258755E-05
444    4.22073899945599E-05    4.22073899945599E-05
445    4.18019259831037E-05    4.18019259831037E-05
446    4.14003559751075E-05    4.14003559751075E-05
447    4.10026426143559E-05    4.10026426143559E-05
448    4.06087489014106E-05    4.06087489014106E-05
449    4.02186381903077E-05    4.02186381903077E-05
450    3.9832274185185E-05    3.9832274185185E-05
451    3.94496209370418E-05    3.94496209370418E-05
452    3.90706428404428E-05    3.90706428404428E-05
453    3.86953046302915E-05    3.86953046302915E-05
454    3.83235713786526E-05    3.83235713786526E-05
455    3.79554084915593E-05    3.79554084915593E-05
456    3.75927558789466E-05    3.75927558789466E-05
457    3.72367792506627E-05    3.72367792506627E-05
458    3.68840986316845E-05    3.68840986316845E-05
459    3.65346853179295E-05    3.65346853179295E-05
460    3.61885108103111E-05    3.61885108103111E-05
461    3.58455468144709E-05    3.58455468144709E-05
462    3.55057652404742E-05    3.55057652404742E-05
463    3.51691382024363E-05    3.51691382024363E-05
464    3.48356380181466E-05    3.48356380181466E-05
465    3.45052372086536E-05    3.45052372086536E-05
466    3.41779084977881E-05    3.41779084977881E-05
467    3.38536248116967E-05    3.38536248116967E-05
468    3.35323592783174E-05    3.35323592783174E-05
469    3.3214085226844E-05    3.3214085226844E-05
470    3.2898776187138E-05    3.2898776187138E-05
471    3.25864058891455E-05    3.25864058891455E-05
472    3.22769482622469E-05    3.22769482622469E-05
473    3.19703774346323E-05    3.19703774346323E-05
474    3.16666677326093E-05    3.16666677326093E-05
475    3.13657936799111E-05    3.13657936799111E-05
476    3.10677299969657E-05    3.10677299969657E-05
477    3.07724516001749E-05    3.07724516001749E-05
478    3.04799336011347E-05    3.04799336011347E-05
479    3.0190151305857E-05    3.0190151305857E-05
480    2.990308021398E-05    2.990308021398E-05
481    2.96186960179407E-05    2.96186960179407E-05
482    2.93369746021286E-05    2.93369746021286E-05
483    2.90578920420668E-05    2.90578920420668E-05
484    2.87814246035185E-05    2.87814246035185E-05
485    2.85075487416213E-05    2.85075487416213E-05
486    2.82362410999612E-05    2.82362410999612E-05
487    2.79674785097104E-05    2.79674785097104E-05
488    2.77012379886694E-05    2.77012379886694E-05
489    2.74374967403476E-05    2.74374967403476E-05
490    2.71762321530028E-05    2.71762321530028E-05
491    2.69174217987162E-05    2.69174217987162E-05
492    2.66610434323826E-05    2.66610434323826E-05
493    2.64070749907688E-05    2.64070749907688E-05
494    2.61554945915161E-05    2.61554945915161E-05
495    2.59062805321323E-05    2.59062805321323E-05
496    2.56594112890167E-05    2.56594112890167E-05
497    2.54148655164264E-05    2.54148655164264E-05
498    2.51726220454616E-05    2.51726220454616E-05
499    2.49326598830467E-05    2.49326598830467E-05
500    2.46949582108974E-05    2.46949582108974E-05
501    2.4459496384484E-05    2.4459496384484E-05
502    2.42262539319879E-05    2.42262539319879E-05
503    2.39952105532534E-05    2.39952105532534E-05
504    2.37663461187454E-05    2.37663461187454E-05
505    2.35396406684805E-05    2.35396406684805E-05
506    2.3315074410976E-05    2.3315074410976E-05
507    2.30926277221813E-05    2.30926277221813E-05
508    2.28722811444213E-05    2.28722811444213E-05
509    2.26540153853211E-05    2.26540153853211E-05
510    2.24378113167284E-05    2.24378113167284E-05
511    2.22236499736435E-05    2.22236499736435E-05
512    2.20115125531594E-05    2.20115125531594E-05
513    2.18013804133702E-05    2.18013804133702E-05
514    2.15932350722857E-05    2.15932350722857E-05
515    2.13870582067748E-05    2.13870582067748E-05
516    2.11828316514654E-05    2.11828316514654E-05
517    2.09805373976831E-05    2.09805373976831E-05
518    2.07801575923721E-05    2.07801575923721E-05
519    2.0581674536997E-05    2.0581674536997E-05
520    2.03850706864727E-05    2.03850706864727E-05
521    2.01903286480921E-05    2.01903286480921E-05
522    1.9997431180442E-05    1.9997431180442E-05
523    1.98063611923346E-05    1.98063611923346E-05
524    1.96171017417266E-05    1.96171017417266E-05
525    1.94296360346508E-05    1.94296360346508E-05
526    1.92439474241335E-05    1.92439474241335E-05
527    1.90600194091362E-05    1.90600194091362E-05
528    1.88778356334926E-05    1.88778356334926E-05
529    1.86973798848239E-05    1.86973798848239E-05
530    1.85186360934916E-05    1.85186360934916E-05
531    1.83415883315301E-05    1.83415883315301E-05
532    1.81662208116008E-05    1.81662208116008E-05
533    1.79925178859239E-05    1.79925178859239E-05
534    1.78204640452267E-05    1.78204640452267E-05
535    1.76500439177082E-05    1.76500439177082E-05
536    1.74812422679789E-05    1.74812422679789E-05
537    1.73140439960274E-05    1.73140439960274E-05
538    1.7148434136193E-05    1.7148434136193E-05
539    1.69843978561077E-05    1.69843978561077E-05
540    1.68219204556694E-05    1.68219204556694E-05
541    1.66609873660509E-05    1.66609873660509E-05
542    1.650158414863E-05    1.650158414863E-05
543    1.63436964939956E-05    1.63436964939956E-05
544    1.6187310220934E-05    1.6187310220934E-05
545    1.60324112754061E-05    1.60324112754061E-05
546    1.58789857295739E-05    1.58789857295739E-05
547    1.57270197807371E-05    1.57270197807371E-05
548    1.55764997504049E-05    1.55764997504049E-05
549    1.54274120832661E-05    1.54274120832661E-05
550    1.52797433462101E-05    1.52797433462101E-05
551    1.51334802273454E-05    1.51334802273454E-05
552    1.49886095350245E-05    1.49886095350245E-05
553    1.48451181968675E-05    1.48451181968675E-05
554    1.47029932588043E-05    1.47029932588043E-05
555    1.45622218840911E-05    1.45622218840911E-05
556    1.44227913523648E-05    1.44227913523648E-05
557    1.42846890587136E-05    1.42846890587136E-05
558    1.41479025126774E-05    1.41479025126774E-05
559    1.40124193373651E-05    1.40124193373651E-05
560    1.38782272684707E-05    1.38782272684707E-05
561    1.37453141533786E-05    1.37453141533786E-05
562    1.36136679502056E-05    1.36136679502056E-05
563    1.34832767269026E-05    1.34832767269026E-05
564    1.33541286603282E-05    1.33541286603282E-05
565    1.32262120353466E-05    1.32262120353466E-05
566    1.30995152439221E-05    1.30995152439221E-05
567    1.29740267842031E-05    1.29740267842031E-05
568    1.2849735259674E-05    1.2849735259674E-05
569    1.27266293782078E-05    1.27266293782078E-05
570    1.26046979512249E-05    1.26046979512249E-05
571    1.24839298928101E-05    1.24839298928101E-05
572    1.23643142188332E-05    1.23643142188332E-05
573    1.22458400460919E-05    1.22458400460919E-05
574    1.21284965914443E-05    1.21284965914443E-05
575    1.20122731709594E-05    1.20122731709594E-05
576    1.18971591990683E-05    1.18971591990683E-05
577    1.17831441877195E-05    1.17831441877195E-05
578    1.16702177455448E-05    1.16702177455448E-05
579    1.15583695770314E-05    1.15583695770314E-05
580    1.14475894816861E-05    1.14475894816861E-05
581    1.13378673532215E-05    1.13378673532215E-05
582    1.12291931787479E-05    1.12291931787479E-05
583    1.11215570379438E-05    1.11215570379438E-05
584    1.10149491022787E-05    1.10149491022787E-05
585    1.09093596341895E-05    1.09093596341895E-05
586    1.08047789863204E-05    1.08047789863204E-05
587    1.07011976007076E-05    1.07011976007076E-05
588    1.05986060080126E-05    1.05986060080126E-05
589    1.04969948267449E-05    1.04969948267449E-05
590    1.03963547624887E-05    1.03963547624887E-05
591    1.02966766071478E-05    1.02966766071478E-05
592    1.01979512381863E-05    1.01979512381863E-05
593    1.01001696178665E-05    1.01001696178665E-05
594    1.00033227925138E-05    1.00033227925138E-05
595    9.90740189176031E-06    9.90740189176031E-06
